# time lat long
1577380650.0000000 41.5736842 -123.0736842 60.0000000
1577380950.0000000 41.7986842 -123.4921053 20.0000000
1577381100.0000000 41.7671053 -123.4921053 20.0000000
1577381250.0000000 41.7828947 -123.2513158 20.0000000
1577381400.0000000 41.9013158 -123.5947368 20.0000000
1577381550.0000000 40.0263158 -122.6513158 50.0000000
1577381700.0000000 41.7355263 -123.4013158 60.0000000
1577382450.0000000 41.5578947 -123.0578947 60.0000000
1577382600.0000000 41.7671053 -123.1486842 20.0000000
1577383050.0000000 40.1763158 -122.4421053 20.0000000
1577383200.0000000 42.2552632 -123.2986842 60.0000000
1577383200.0000000 40.1605263 -122.4736842 20.0000000
1577383350.0000000 40.1763158 -122.4578947 20.0000000
1577383950.0000000 42.1013158 -122.9828947 50.0000000
1577384100.0000000 42.1328947 -123.4486842 60.0000000
1577384550.0000000 40.1171053 -122.4144737 20.0000000
1577385000.0000000 42.2828947 -123.3263158 60.0000000
1577385000.0000000 42.0671053 -123.2513158 60.0000000
1577385150.0000000 41.7394737 -123.0421053 30.0000000
1577385300.0000000 41.7986842 -123.3578947 20.0000000
1577385600.0000000 41.8421053 -123.1921053 50.0000000
1577385600.0000000 40.2671053 -122.3394737 20.0000000
1577385750.0000000 40.2828947 -122.3355263 20.0000000
1577386050.0000000 41.8263158 -123.4171053 20.0000000
1577386200.0000000 41.9013158 -123.4763158 30.0000000
1577386350.0000000 41.8105263 -123.4328947 20.0000000
1577387250.0000000 42.0578947 -123.0736842 30.0000000
1577387250.0000000 42.2013158 -123.1171053 60.0000000
1577387250.0000000 39.9513158 -122.5644737 40.0000000
1577387400.0000000 41.9828947 -123.5828947 20.0000000
1577387400.0000000 39.9828947 -122.5171053 40.0000000
1577387550.0000000 40.1171053 -122.3671053 20.0000000
1577387700.0000000 41.6921053 -123.6578947 30.0000000
1577387850.0000000 42.0078947 -123.5513158 60.0000000
1577388300.0000000 42.3236842 -123.5236842 60.0000000
1577388450.0000000 42.0736842 -123.5671053 50.0000000
1577388450.0000000 41.9171053 -123.4171053 50.0000000
1577388750.0000000 42.0828947 -123.5078947 60.0000000
1577389050.0000000 42.4921053 -123.4171053 20.0000000
1577389500.0000000 41.7671053 -123.1605263 60.0000000
1577389650.0000000 41.6921053 -123.1486842 60.0000000
1577389800.0000000 41.9328947 -123.1013158 40.0000000
1577389950.0000000 41.8894737 -123.1763158 50.0000000
1577390100.0000000 42.5171053 -123.5671053 20.0000000
1577390250.0000000 42.1486842 -123.2078947 60.0000000
1577390250.0000000 42.0513158 -123.5671053 60.0000000
1577390400.0000000 41.8421053 -122.9986842 30.0000000
1577390700.0000000 41.9986842 -123.7802632 20.0000000
1577390850.0000000 42.0578947 -123.7486842 40.0000000
1577391000.0000000 41.9671053 -124.0328947 30.0000000
1577391000.0000000 42.3394737 -123.5355263 60.0000000
1577391150.0000000 42.2986842 -123.4921053 50.0000000
1577391150.0000000 42.5368421 -123.5552632 60.0000000
1577391300.0000000 42.0421053 -123.1763158 30.0000000
1577391450.0000000 41.9486842 -123.5078947 20.0000000
1577391600.0000000 41.9328947 -123.4921053 20.0000000
1577391750.0000000 41.9671053 -123.2671053 60.0000000
1577391900.0000000 41.9013158 -123.5078947 30.0000000
1577392050.0000000 41.7671053 -123.6736842 50.0000000
1577392200.0000000 41.7355263 -123.2236842 50.0000000
1577392350.0000000 41.8144737 -123.2078947 30.0000000
1577392500.0000000 41.9328947 -123.4013158 20.0000000
1577392650.0000000 41.9328947 -123.5671053 50.0000000
1577392800.0000000 41.9921053 -123.3736842 20.0000000
1577393100.0000000 42.0105263 -123.5671053 20.0000000
1577393250.0000000 41.8578947 -123.2828947 20.0000000
1577393400.0000000 41.9013158 -123.3105263 20.0000000
1577393550.0000000 41.9039474 -123.3855263 60.0000000
1577393550.0000000 41.7513158 -123.3263158 60.0000000
1577394300.0000000 41.8736842 -123.6105263 20.0000000
1577394450.0000000 41.9328947 -123.1921053 20.0000000
1577394600.0000000 41.9921053 -123.1921053 20.0000000
1577394750.0000000 42.1421053 -123.5355263 20.0000000
1577394900.0000000 42.0263158 -123.4328947 20.0000000
1577394900.0000000 41.8578947 -123.3578947 20.0000000
1577395200.0000000 41.9171053 -123.5513158 20.0000000
1577395650.0000000 41.9763158 -123.2986842 20.0000000
1577395800.0000000 42.0263158 -123.7013158 20.0000000
1577395800.0000000 41.9013158 -123.4605263 20.0000000
1577396400.0000000 41.7828947 -123.3736842 20.0000000
1577396550.0000000 42.0421053 -123.6421053 60.0000000
1577396550.0000000 41.6921053 -123.5513158 60.0000000
1577396850.0000000 41.7986842 -123.4328947 40.0000000
1577397000.0000000 41.6763158 -123.4013158 60.0000000
1577397150.0000000 41.6171053 -123.4171053 60.0000000
1577397300.0000000 41.5855263 -123.5513158 60.0000000
1577397600.0000000 41.9328947 -123.3421053 20.0000000
1577397750.0000000 41.9013158 -123.4013158 20.0000000
1577397900.0000000 41.8421053 -123.4328947 20.0000000
1577398050.0000000 41.8578947 -123.4605263 20.0000000
1577398350.0000000 41.9671053 -123.0736842 20.0000000
1577398500.0000000 41.8105263 -123.4486842 20.0000000
1577398650.0000000 42.0828947 -123.1486842 60.0000000
1577398800.0000000 41.9171053 -122.9986842 20.0000000
1577398950.0000000 41.7828947 -122.9078947 30.0000000
1577399100.0000000 42.0828947 -123.2828947 20.0000000
1577399250.0000000 42.2671053 -123.0736842 60.0000000
1577399250.0000000 41.9605263 -123.4960526 20.0000000
1577399400.0000000 42.0078947 -123.5671053 20.0000000
1577399550.0000000 41.9644737 -123.6342105 20.0000000
1577399700.0000000 41.7236842 -123.5039474 20.0000000
1577400450.0000000 41.6802632 -122.9986842 60.0000000
1577400750.0000000 42.0736842 -123.2513158 60.0000000
1577400750.0000000 41.7078947 -123.2236842 30.0000000
1577400900.0000000 41.6328947 -123.3578947 60.0000000
1577401200.0000000 42.0236842 -123.2078947 40.0000000
1577401350.0000000 42.1763158 -123.1605263 60.0000000
1577401350.0000000 41.9605263 -123.1763158 60.0000000
1577401500.0000000 42.1171053 -123.1328947 20.0000000
1577401650.0000000 41.9171053 -123.1013158 60.0000000
1577401800.0000000 42.2828947 -122.9828947 20.0000000
1577402100.0000000 41.7671053 -123.0421053 40.0000000
1577402550.0000000 41.6486842 -122.8328947 20.0000000
1577402700.0000000 41.9671053 -123.0578947 40.0000000
1577403000.0000000 42.0736842 -123.5513158 20.0000000
1577403450.0000000 41.9671053 -123.1328947 30.0000000
1577403600.0000000 42.1171053 -123.2986842 60.0000000
1577404200.0000000 41.8263158 -123.4328947 20.0000000
1577404350.0000000 41.8736842 -123.4328947 20.0000000
1577406900.0000000 41.9171053 -123.6578947 40.0000000
1577407050.0000000 41.8578947 -123.4171053 60.0000000
1577407350.0000000 41.7671053 -123.3421053 40.0000000
1577407500.0000000 41.7671053 -123.3421053 60.0000000
1577409000.0000000 41.7671053 -123.5236842 20.0000000
1577409150.0000000 41.9763158 -123.5236842 60.0000000
1577410500.0000000 42.0078947 -123.5236842 40.0000000
1577410650.0000000 41.9763158 -123.7171053 50.0000000
1577411400.0000000 41.8578947 -123.2236842 30.0000000
1577411550.0000000 41.7828947 -123.7171053 60.0000000
1577411700.0000000 41.7828947 -123.2513158 60.0000000
1577411850.0000000 41.9513158 -123.2078947 20.0000000
1577411850.0000000 42.1578947 -123.1171053 20.0000000
1577412000.0000000 42.0421053 -123.1921053 60.0000000
1577412300.0000000 42.0736842 -123.5828947 40.0000000
1577412750.0000000 42.2078947 -123.1328947 60.0000000
1577413350.0000000 41.7986842 -123.4486842 20.0000000
1577413500.0000000 41.8578947 -123.4328947 20.0000000
1577413650.0000000 41.9171053 -123.4921053 20.0000000
1577413800.0000000 42.0394737 -123.1171053 60.0000000
1577414550.0000000 41.5736842 -123.3736842 50.0000000
1577414850.0000000 41.8421053 -123.4921053 60.0000000
1577415000.0000000 41.7986842 -123.1644737 60.0000000
1577415750.0000000 42.0828947 -123.0263158 40.0000000
1577415900.0000000 41.7078947 -123.1921053 20.0000000
1577416350.0000000 41.6605263 -123.4171053 20.0000000
1577416500.0000000 41.6328947 -123.4921053 60.0000000
1577417850.0000000 41.7828947 -123.4171053 20.0000000
1577418000.0000000 41.7671053 -123.4486842 20.0000000
1577419650.0000000 41.7986842 -123.4921053 50.0000000
1577419800.0000000 41.7236842 -123.5355263 60.0000000
1577419950.0000000 41.7236842 -123.5513158 20.0000000
1577420250.0000000 41.7828947 -123.4171053 40.0000000
1577421000.0000000 41.9171053 -123.5513158 20.0000000
1577422200.0000000 41.9039474 -123.4013158 60.0000000
1577423700.0000000 41.7828947 -123.4171053 20.0000000
1577423850.0000000 41.8736842 -123.6578947 50.0000000
1577424450.0000000 41.9986842 -123.7328947 60.0000000
1577424600.0000000 41.8855263 -123.5671053 40.0000000
1577424750.0000000 41.8578947 -123.8078947 60.0000000
1577425050.0000000 41.9513158 -124.0013158 60.0000000
1577425200.0000000 41.7078947 -123.2236842 20.0000000
1577425350.0000000 41.7671053 -123.3263158 20.0000000
1577425650.0000000 41.6486842 -123.1171053 60.0000000
1577425950.0000000 42.1421053 -123.4013158 60.0000000
1577426550.0000000 41.9671053 -123.0578947 60.0000000
1577426700.0000000 41.8578947 -123.3105263 20.0000000
1577426850.0000000 41.8263158 -123.4921053 20.0000000
1577427000.0000000 41.9763158 -123.5513158 30.0000000
1577427150.0000000 41.8263158 -123.4328947 30.0000000
1577427300.0000000 41.8421053 -123.4328947 20.0000000
1577427450.0000000 41.9828947 -123.3736842 20.0000000
1577427450.0000000 41.8578947 -123.4605263 20.0000000
1577427600.0000000 42.2236842 -123.7013158 60.0000000
1577427900.0000000 41.6328947 -123.2513158 60.0000000
1577428200.0000000 41.7552632 -123.3421053 60.0000000
1577428350.0000000 41.8263158 -123.3736842 20.0000000
1577428500.0000000 42.0421053 -123.4763158 60.0000000
1577428800.0000000 41.7236842 -123.2671053 20.0000000
1577429550.0000000 42.1171053 -123.7605263 60.0000000
1577429700.0000000 42.2236842 -123.5986842 60.0000000
1577429850.0000000 41.7828947 -123.2671053 20.0000000
1577430000.0000000 42.0078947 -123.6578947 60.0000000
1577430150.0000000 41.6486842 -123.1328947 40.0000000
1577430900.0000000 41.6644737 -123.4171053 20.0000000
1577431200.0000000 42.2986842 -123.7921053 60.0000000
1577431200.0000000 41.6171053 -123.5986842 20.0000000
1577431800.0000000 41.8894737 -123.4013158 60.0000000
1577432100.0000000 41.8263158 -123.4328947 50.0000000
1577432550.0000000 41.8421053 -123.3736842 20.0000000
1577432700.0000000 41.9013158 -123.3736842 20.0000000
1577433300.0000000 41.7078947 -123.2828947 60.0000000
1577434800.0000000 41.8421053 -123.3894737 20.0000000
1577437050.0000000 42.0236842 -123.3421053 60.0000000
1577437800.0000000 41.9171053 -123.4921053 30.0000000
1577438100.0000000 41.7671053 -123.4328947 20.0000000
1577438250.0000000 41.9671053 -123.7013158 20.0000000
1577438250.0000000 41.6921053 -123.4171053 40.0000000
1577439600.0000000 41.9328947 -123.1328947 60.0000000
1577439900.0000000 41.8578947 -123.3894737 20.0000000
1577440050.0000000 41.8578947 -123.4171053 20.0000000
1577440200.0000000 41.6921053 -123.5828947 60.0000000
1577442300.0000000 41.8578947 -123.5078947 30.0000000
1577442450.0000000 41.8578947 -123.5671053 40.0000000
1577442750.0000000 41.9763158 -123.7171053 60.0000000
1577442900.0000000 41.8736842 -123.1328947 60.0000000
1577443200.0000000 41.4828947 -123.4763158 60.0000000
1577443350.0000000 41.7118421 -123.1605263 50.0000000
1577443650.0000000 42.1328947 -122.9394737 60.0000000
1577443650.0000000 41.8105263 -123.0578947 60.0000000
1577443800.0000000 41.8421053 -123.3736842 20.0000000
1577443950.0000000 41.7078947 -123.4486842 20.0000000
1577444100.0000000 41.8263158 -123.4171053 20.0000000
1577444550.0000000 41.6921053 -123.4171053 30.0000000
1577444700.0000000 41.5855263 -123.4328947 20.0000000
1577445000.0000000 42.0105263 -123.0578947 20.0000000
1577445000.0000000 41.7828947 -123.2671053 50.0000000
1577445150.0000000 41.4078947 -123.5671053 60.0000000
1577445300.0000000 41.5578947 -123.5828947 60.0000000
1577445750.0000000 41.9171053 -123.3144737 20.0000000
1577445900.0000000 43.1078947 -123.4328947 20.0000000
1577446200.0000000 41.8421053 -123.3578947 20.0000000
1577446500.0000000 42.8671053 -122.9947368 20.0000000
1577446500.0000000 41.8144737 -123.2828947 60.0000000
1577446650.0000000 41.9921053 -123.0736842 20.0000000
1577446800.0000000 43.0486842 -123.2710526 20.0000000
1577447100.0000000 42.0421053 -123.4328947 20.0000000
1577447400.0000000 43.0328947 -123.1763158 60.0000000
1577447550.0000000 41.9486842 -123.6263158 60.0000000
1577447700.0000000 41.9171053 -123.2671053 20.0000000
1577447850.0000000 43.0921053 -123.2197368 20.0000000
1577448000.0000000 42.0394737 -123.5828947 20.0000000
1577448300.0000000 43.2421053 -123.5394737 20.0000000
1577448450.0000000 43.2736842 -123.5986842 20.0000000
1577448450.0000000 41.6763158 -123.4013158 60.0000000
1577448900.0000000 41.7671053 -123.5078947 60.0000000
1577449050.0000000 43.0921053 -123.3263158 20.0000000
1577449200.0000000 42.9894737 -123.3144737 20.0000000
1577449200.0000000 41.9013158 -123.3421053 20.0000000
1577449350.0000000 41.8736842 -123.4171053 20.0000000
1577449500.0000000 41.8263158 -123.5078947 30.0000000
1577449800.0000000 42.8671053 -123.1013158 30.0000000
1577449950.0000000 42.1486842 -123.8671053 50.0000000
1577449950.0000000 42.0671053 -123.6736842 30.0000000
1577450100.0000000 43.2421053 -123.5986842 20.0000000
1577450100.0000000 41.6013158 -123.3855263 20.0000000
1577450250.0000000 43.0921053 -123.4486842 20.0000000
1577450400.0000000 41.9921053 -123.4013158 60.0000000
1577450550.0000000 43.1828947 -123.4013158 30.0000000
1577450550.0000000 41.6763158 -123.7921053 60.0000000
1577450700.0000000 41.8578947 -123.5828947 60.0000000
1577450850.0000000 41.9921053 -123.3421053 60.0000000
1577451000.0000000 41.9921053 -123.3578947 60.0000000
1577451150.0000000 41.8578947 -123.3736842 20.0000000
1577451450.0000000 43.0486842 -123.3302632 20.0000000
1577451450.0000000 41.7078947 -123.5078947 20.0000000
1577451600.0000000 41.7078947 -123.4921053 20.0000000
1577452200.0000000 43.1986842 -123.5078947 20.0000000
1577452350.0000000 43.0171053 -122.9671053 30.0000000
1577452500.0000000 42.8513158 -122.8921053 20.0000000
1577452650.0000000 42.8828947 -123.1328947 60.0000000
1577452650.0000000 41.6921053 -123.4171053 60.0000000
1577452800.0000000 43.0328947 -123.2828947 20.0000000
1577452950.0000000 43.0763158 -123.2197368 40.0000000
1577453400.0000000 43.0171053 -123.2828947 20.0000000
1577453550.0000000 42.9105263 -123.0815789 20.0000000
1577453700.0000000 42.0671053 -123.2513158 60.0000000
1577453850.0000000 41.8263158 -123.4644737 20.0000000
1577454000.0000000 41.7671053 -123.4328947 20.0000000
1577454150.0000000 41.6328947 -123.4921053 20.0000000
1577454450.0000000 43.1355263 -123.3500000 60.0000000
1577454900.0000000 41.7078947 -123.7171053 50.0000000
1577455650.0000000 41.8381579 -123.3460526 20.0000000
1577455950.0000000 41.7513158 -123.5828947 60.0000000
1577456100.0000000 41.5578947 -123.4486842 40.0000000
1577456400.0000000 42.0986842 -123.6421053 50.0000000
1577456550.0000000 42.0513158 -123.5236842 60.0000000
1577456700.0000000 41.6328947 -123.5828947 50.0000000
1577457150.0000000 41.7236842 -123.2828947 20.0000000
1577457300.0000000 41.7513158 -123.3578947 60.0000000
1577457450.0000000 42.1921053 -123.6263158 60.0000000
1577457450.0000000 41.9013158 -123.4013158 30.0000000
1577457600.0000000 41.8105263 -123.2986842 20.0000000
1577457750.0000000 41.7513158 -123.3144737 30.0000000
1577457900.0000000 41.9986842 -123.7171053 60.0000000
1577457900.0000000 41.7828947 -123.4171053 30.0000000
1577458350.0000000 41.8578947 -123.4921053 20.0000000
1577458500.0000000 41.7671053 -123.5828947 60.0000000
1577458650.0000000 42.0736842 -123.4802632 20.0000000
1577458650.0000000 41.5578947 -123.6421053 40.0000000
1577458950.0000000 41.8578947 -123.3144737 20.0000000
1577459100.0000000 41.8855263 -123.2986842 20.0000000
1577459400.0000000 43.0486842 -123.4368421 50.0000000
1577459550.0000000 41.7671053 -123.0736842 20.0000000
1577460000.0000000 41.8578947 -123.4763158 50.0000000
1577460150.0000000 41.7671053 -123.0421053 60.0000000
1577460300.0000000 42.0855263 -123.3263158 60.0000000
1577460900.0000000 41.7828947 -123.5513158 60.0000000
1577461050.0000000 41.7236842 -123.5078947 50.0000000
1577461200.0000000 43.1236842 -123.3302632 20.0000000
1577461650.0000000 41.7355263 -123.5078947 20.0000000
1577461950.0000000 41.7671053 -123.3578947 20.0000000
1577462100.0000000 43.0921053 -123.4605263 30.0000000
1577462550.0000000 41.7828947 -123.3894737 20.0000000
1577462850.0000000 43.0921053 -123.6578947 20.0000000
1577463150.0000000 41.9013158 -123.4921053 60.0000000
1577463300.0000000 41.8263158 -123.4328947 30.0000000
1577463450.0000000 42.9421053 -123.4328947 20.0000000
1577463450.0000000 41.7078947 -123.6578947 20.0000000
1577463600.0000000 41.8263158 -123.4921053 40.0000000
1577463750.0000000 43.1671053 -123.6578947 20.0000000
1577463900.0000000 41.7078947 -123.4763158 60.0000000
1577464350.0000000 43.1078947 -123.6894737 20.0000000
1577465400.0000000 41.7513158 -123.4921053 60.0000000
1577465550.0000000 41.7986842 -123.3105263 60.0000000
1577465850.0000000 41.7671053 -123.5671053 50.0000000
1577466300.0000000 41.7513158 -123.3578947 60.0000000
1577466450.0000000 41.9171053 -123.3736842 60.0000000
1577466900.0000000 41.7078947 -123.0736842 30.0000000
1577467050.0000000 41.7986842 -123.2828947 20.0000000
1577467200.0000000 41.6921053 -123.3894737 60.0000000
1577468100.0000000 41.8578947 -123.4644737 20.0000000
1577468250.0000000 41.8421053 -123.4171053 30.0000000
1577468400.0000000 41.8421053 -123.5671053 60.0000000
1577468550.0000000 41.5263158 -123.1013158 60.0000000
1577468700.0000000 41.5026316 -123.2947368 50.0000000
1577468850.0000000 41.7513158 -123.4171053 20.0000000
1577469000.0000000 41.6171053 -123.3736842 20.0000000
1577469300.0000000 41.7236842 -123.4171053 60.0000000
1577469450.0000000 41.6921053 -123.3736842 20.0000000
1577469750.0000000 41.8421053 -123.4013158 30.0000000
1577469900.0000000 41.7078947 -123.5671053 20.0000000
1577470050.0000000 41.9171053 -123.4171053 20.0000000
1577470200.0000000 41.5894737 -123.4447368 30.0000000
1577470650.0000000 41.7986842 -123.4447368 20.0000000
1577470800.0000000 41.8144737 -123.4921053 20.0000000
1577471100.0000000 41.9328947 -122.9513158 50.0000000
1577471550.0000000 41.7671053 -123.3894737 20.0000000
1577471700.0000000 41.8578947 -123.3263158 20.0000000
1577471850.0000000 41.5421053 -123.3144737 60.0000000
1577472000.0000000 41.5894737 -123.3855263 60.0000000
1577472150.0000000 41.8578947 -123.5236842 60.0000000
1577473050.0000000 41.5421053 -123.2986842 20.0000000
1577473200.0000000 41.8894737 -122.9078947 60.0000000
1577473350.0000000 41.9486842 -123.0855263 60.0000000
1577473650.0000000 41.8736842 -123.4171053 20.0000000
1577473800.0000000 41.9171053 -123.3894737 20.0000000
1577473950.0000000 41.9671053 -123.4644737 20.0000000
1577474400.0000000 41.7671053 -123.4328947 20.0000000
1577474700.0000000 42.1171053 -123.1921053 60.0000000
1577474700.0000000 41.8855263 -123.4486842 20.0000000
1577475150.0000000 41.9328947 -123.1328947 20.0000000
1577475600.0000000 41.7710526 -123.3855263 20.0000000
1577475750.0000000 41.8578947 -123.2078947 20.0000000
1577476350.0000000 41.9486842 -123.5039474 20.0000000
1577476500.0000000 42.1921053 -123.5671053 20.0000000
1577476500.0000000 41.8578947 -123.3421053 20.0000000
1577476650.0000000 42.2671053 -123.6263158 60.0000000
1577476650.0000000 41.8263158 -123.2986842 20.0000000
1577476950.0000000 41.9986842 -123.6578947 20.0000000
1577476950.0000000 41.6921053 -123.4171053 20.0000000
1577477700.0000000 42.1171053 -123.5078947 20.0000000
1577478150.0000000 41.9986842 -123.5828947 20.0000000
1577478300.0000000 42.1578947 -123.6421053 60.0000000
1577479050.0000000 41.7986842 -123.3578947 20.0000000
1577479200.0000000 41.7828947 -123.3421053 20.0000000
1577479350.0000000 41.6921053 -123.3263158 20.0000000
1577479650.0000000 41.9605263 -123.2828947 60.0000000
1577480700.0000000 41.7671053 -123.1328947 50.0000000
1577480850.0000000 41.6921053 -123.2078947 60.0000000
1577481000.0000000 41.6171053 -123.3578947 60.0000000
1577482200.0000000 41.6763158 -123.1171053 50.0000000
1577482950.0000000 41.7828947 -123.4013158 40.0000000
1577483100.0000000 41.9171053 -123.1328947 20.0000000
1577484300.0000000 41.7513158 -123.3578947 20.0000000
1577484600.0000000 41.7671053 -123.2986842 20.0000000
1577484750.0000000 41.9828947 -123.5828947 60.0000000
1577484750.0000000 41.5539474 -123.3144737 20.0000000
1577484900.0000000 41.9328947 -123.2078947 60.0000000
1577485200.0000000 41.9605263 -123.4052632 60.0000000
1577486250.0000000 41.5855263 -123.5828947 60.0000000
1577487000.0000000 41.8578947 -123.3578947 20.0000000
1577487150.0000000 41.9986842 -123.6578947 60.0000000
1577487150.0000000 41.7828947 -123.3736842 20.0000000
1577487300.0000000 41.9921053 -123.2986842 60.0000000
1577487450.0000000 41.7671053 -123.3736842 20.0000000
1577487600.0000000 42.2013158 -123.4013158 60.0000000
1577488050.0000000 41.7236842 -123.6263158 20.0000000
1577488350.0000000 42.0263158 -123.6578947 40.0000000
1577488350.0000000 41.6921053 -123.4328947 20.0000000
1577488500.0000000 42.0421053 -123.6578947 50.0000000
1577488500.0000000 41.6921053 -123.3894737 20.0000000
1577488650.0000000 41.9828947 -123.1921053 60.0000000
1577488650.0000000 41.7671053 -123.1013158 20.0000000
1577488800.0000000 41.9171053 -123.4171053 60.0000000
1577489100.0000000 41.8421053 -123.3855263 20.0000000
1577489250.0000000 41.4355263 -123.5078947 40.0000000
1577489400.0000000 41.7986842 -123.5078947 20.0000000
1577489550.0000000 41.7078947 -123.2513158 60.0000000
1577489700.0000000 41.7513158 -123.4921053 20.0000000
1577490150.0000000 41.5578947 -123.4486842 20.0000000
1577490300.0000000 41.5460526 -123.4013158 20.0000000
1577490450.0000000 42.0578947 -123.5671053 20.0000000
1577490450.0000000 41.6171053 -123.2078947 20.0000000
1577490600.0000000 42.8236842 -123.8355263 20.0000000
1577490750.0000000 42.1763158 -123.6421053 40.0000000
1577490750.0000000 41.7078947 -123.4171053 30.0000000
1577491350.0000000 42.7328947 -123.4486842 20.0000000
1577491650.0000000 42.7921053 -123.7328947 30.0000000
1577491800.0000000 42.8078947 -123.6144737 20.0000000
1577491800.0000000 42.1578947 -123.5828947 50.0000000
1577492550.0000000 41.6644737 -123.3263158 20.0000000
1577492700.0000000 42.1263158 -123.7328947 60.0000000
1577492850.0000000 42.8513158 -123.6263158 20.0000000
1577493150.0000000 42.2236842 -123.6578947 60.0000000
1577493600.0000000 41.5421053 -123.4921053 30.0000000
1577493750.0000000 42.2236842 -123.8078947 60.0000000
1577493750.0000000 41.7986842 -123.3855263 20.0000000
1577494050.0000000 42.7763158 -123.7328947 20.0000000
1577494350.0000000 42.7921053 -123.5355263 20.0000000
1577494350.0000000 42.9078947 -123.3855263 20.0000000
1577494500.0000000 42.7486842 -123.5828947 20.0000000
1577494500.0000000 41.8421053 -123.3421053 30.0000000
1577494650.0000000 41.7671053 -123.3421053 20.0000000
1577495700.0000000 42.5671053 -123.5513158 60.0000000
1577496000.0000000 41.8736842 -123.5828947 20.0000000
1577496150.0000000 41.8421053 -123.5828947 20.0000000
1577497050.0000000 42.0394737 -123.2394737 60.0000000
1577497200.0000000 42.0828947 -123.2078947 60.0000000
1577497350.0000000 41.6328947 -123.4171053 50.0000000
1577497650.0000000 41.7552632 -123.3263158 50.0000000
1577498550.0000000 41.4631579 -123.4486842 20.0000000
1577498850.0000000 41.8736842 -123.0421053 20.0000000
1577499150.0000000 42.0671053 -123.1605263 60.0000000
1577499450.0000000 41.6210526 -123.3105263 20.0000000
1577499600.0000000 41.6763158 -123.4171053 60.0000000
1577500050.0000000 41.9171053 -123.4171053 20.0000000
1577500200.0000000 42.1486842 -123.1486842 60.0000000
1577500350.0000000 41.9328947 -123.2671053 60.0000000
1577500650.0000000 41.9171053 -123.1171053 50.0000000
1577500800.0000000 41.5421053 -123.2394737 60.0000000
1577500950.0000000 41.4828947 -122.9986842 30.0000000
1577501100.0000000 41.3486842 -123.2078947 60.0000000
1577501550.0000000 41.9171053 -123.4171053 40.0000000
1577501700.0000000 42.4921053 -123.4013158 30.0000000
1577501700.0000000 41.5421053 -123.3421053 30.0000000
1577501850.0000000 41.9644737 -123.3105263 20.0000000
1577502000.0000000 41.9605263 -123.3144737 30.0000000
1577503200.0000000 41.5144737 -123.1763158 60.0000000
1577503350.0000000 42.0578947 -123.6736842 20.0000000
1577503350.0000000 42.0078947 -123.4605263 60.0000000
1577503500.0000000 42.3078947 -123.2671053 30.0000000
1577503950.0000000 41.4671053 -123.1171053 60.0000000
1577504700.0000000 41.6328947 -123.3421053 20.0000000
1577504850.0000000 42.3671053 -123.2236842 20.0000000
1577505000.0000000 42.4763158 -123.4013158 60.0000000
1577505150.0000000 42.3578947 -123.2986842 60.0000000
1577505150.0000000 41.6052632 -122.9986842 30.0000000
1577505450.0000000 41.9921053 -123.2236842 60.0000000
1577505750.0000000 42.0355263 -123.1328947 40.0000000
1577505900.0000000 41.7828947 -123.1921053 50.0000000
1577506800.0000000 41.8105263 -123.4644737 60.0000000
1577506950.0000000 41.8421053 -123.3421053 40.0000000
1577507250.0000000 42.0236842 -123.1763158 20.0000000
1577507400.0000000 41.9802632 -123.1486842 50.0000000
1577507550.0000000 42.3421053 -123.4486842 50.0000000
1577508000.0000000 41.8578947 -123.2236842 30.0000000
1577508300.0000000 41.4671053 -123.0894737 60.0000000
1577509050.0000000 41.6328947 -123.3736842 50.0000000
1577509800.0000000 41.5736842 -123.0578947 60.0000000
1577509950.0000000 41.6328947 -123.1486842 20.0000000
1577510250.0000000 42.0986842 -123.2671053 50.0000000
1577510400.0000000 41.7078947 -123.2986842 20.0000000
1577511150.0000000 41.6763158 -123.3578947 20.0000000
1577511300.0000000 42.0697368 -123.5513158 60.0000000
1577511300.0000000 41.9486842 -123.3578947 20.0000000
1577511600.0000000 41.5105263 -123.4328947 60.0000000
1577511900.0000000 41.5421053 -123.5355263 60.0000000
1577512050.0000000 41.7828947 -123.6421053 20.0000000
1577512200.0000000 41.8736842 -123.7210526 60.0000000
1577513100.0000000 41.7078947 -123.3144737 20.0000000
1577513250.0000000 41.8421053 -123.3578947 20.0000000
1577513400.0000000 41.9671053 -123.5671053 60.0000000
1577513400.0000000 41.7986842 -123.3578947 50.0000000
1577513550.0000000 41.7828947 -123.4328947 20.0000000
1577513700.0000000 41.6486842 -123.3736842 20.0000000
1577513850.0000000 42.1013158 -123.3421053 20.0000000
1577513850.0000000 41.3921053 -123.2671053 40.0000000
1577514300.0000000 41.7394737 -123.5078947 60.0000000
1577515050.0000000 41.6328947 -123.4171053 30.0000000
1577515200.0000000 41.7078947 -123.4921053 40.0000000
1577524650.0000000 41.4828947 -122.9828947 30.0000000
1577525550.0000000 41.6171053 -123.1921053 40.0000000
1577525700.0000000 41.6605263 -123.1921053 30.0000000
1577526150.0000000 41.7513158 -122.9986842 20.0000000
1577526600.0000000 41.8421053 -123.3105263 60.0000000
1577527500.0000000 41.7986842 -123.1763158 20.0000000
1577527950.0000000 41.9671053 -123.0736842 20.0000000
1577527950.0000000 41.6171053 -122.9986842 20.0000000
1577528100.0000000 41.7394737 -122.9513158 20.0000000
1577528700.0000000 41.8144737 -123.1328947 20.0000000
1577528850.0000000 41.5578947 -123.1763158 40.0000000
1577529450.0000000 41.7236842 -123.1486842 20.0000000
1577529750.0000000 41.8263158 -123.1328947 40.0000000
1577529900.0000000 41.5894737 -123.1171053 60.0000000
1577530050.0000000 42.1407895 -123.2118421 60.0000000
1577530050.0000000 41.6013158 -123.3421053 20.0000000
1577530350.0000000 41.3921053 -123.1486842 50.0000000
1577530500.0000000 41.6171053 -123.3736842 60.0000000
1577530800.0000000 41.9921053 -123.0578947 40.0000000
1577531250.0000000 42.1421053 -122.9828947 30.0000000
1577531400.0000000 41.7078947 -123.2986842 20.0000000
1577531550.0000000 41.5105263 -123.2986842 60.0000000
1577531700.0000000 41.5736842 -123.0578947 40.0000000
1577532150.0000000 41.6763158 -123.0421053 20.0000000
1577532300.0000000 41.7552632 -122.9394737 20.0000000
1577532600.0000000 41.9671053 -123.1763158 60.0000000
1577532750.0000000 41.7078947 -123.0736842 50.0000000
1577532900.0000000 41.7078947 -123.0263158 50.0000000
1577533050.0000000 41.7710526 -123.0855263 40.0000000
1577533200.0000000 41.5736842 -123.1328947 60.0000000
1577533500.0000000 41.7671053 -122.9828947 20.0000000
1577533650.0000000 41.6921053 -123.0578947 20.0000000
1577533800.0000000 41.6171053 -123.0736842 30.0000000
1577534100.0000000 41.6289474 -123.6144737 60.0000000
1577534550.0000000 41.8263158 -123.4921053 30.0000000
1577534700.0000000 41.7986842 -123.4486842 40.0000000
1577534850.0000000 41.8263158 -123.3421053 20.0000000
1577535000.0000000 41.8263158 -123.3578947 20.0000000
1577535150.0000000 41.7078947 -123.4171053 20.0000000
1577535750.0000000 41.8421053 -123.5236842 60.0000000
1577536050.0000000 41.5460526 -123.0263158 30.0000000
1577536200.0000000 41.7986842 -123.3578947 20.0000000
1577536350.0000000 41.8578947 -123.3105263 20.0000000
1577538150.0000000 41.5421053 -123.5078947 30.0000000
1577538300.0000000 41.4513158 -123.5828947 30.0000000
1577538450.0000000 41.5302632 -123.4763158 30.0000000
1577538750.0000000 41.8421053 -123.2236842 60.0000000
1577539500.0000000 41.9921053 -123.5236842 60.0000000
1577539650.0000000 41.9171053 -123.4763158 20.0000000
1577539800.0000000 41.8421053 -123.4921053 20.0000000
1577540100.0000000 41.7236842 -123.4763158 60.0000000
1577540250.0000000 41.4710526 -123.5513158 20.0000000
1577540700.0000000 41.7671053 -123.4763158 20.0000000
1577540850.0000000 41.6328947 -123.4921053 20.0000000
1577541000.0000000 41.7078947 -123.4763158 20.0000000
1577541150.0000000 41.6605263 -123.4921053 30.0000000
1577541750.0000000 41.7986842 -123.3736842 60.0000000
1577541900.0000000 41.7986842 -123.4013158 20.0000000
1577542050.0000000 42.0828947 -123.4921053 20.0000000
1577542200.0000000 41.7552632 -123.5671053 30.0000000
1577542800.0000000 41.6013158 -123.4486842 60.0000000
1577542950.0000000 41.7671053 -123.3578947 60.0000000
1577543400.0000000 41.6921053 -123.1328947 50.0000000
1577543550.0000000 41.7236842 -123.3421053 60.0000000
1577543700.0000000 41.6763158 -123.3855263 60.0000000
1577543850.0000000 41.5421053 -123.6144737 20.0000000
1577544000.0000000 41.6763158 -123.4328947 20.0000000
1577546700.0000000 41.7828947 -123.2828947 50.0000000
1577549550.0000000 41.3960526 -123.2513158 30.0000000
1577549700.0000000 41.6013158 -123.1171053 30.0000000
1577549850.0000000 41.6171053 -123.1328947 20.0000000
1577550450.0000000 41.3486842 -123.4171053 40.0000000
1577551050.0000000 41.6605263 -123.3736842 20.0000000
1577551200.0000000 41.6921053 -123.3736842 20.0000000
1577551800.0000000 41.4710526 -123.4605263 20.0000000
1577553000.0000000 41.6171053 -123.3894737 20.0000000
1577553150.0000000 41.4828947 -123.2986842 60.0000000
1577554950.0000000 41.6171053 -123.4921053 30.0000000
1577555100.0000000 41.4789474 -123.4644737 20.0000000
1577556300.0000000 41.4078947 -123.5078947 30.0000000
1577560050.0000000 41.7828947 -123.2236842 20.0000000
1577560650.0000000 41.6486842 -123.0578947 60.0000000
1577561700.0000000 41.5421053 -123.5078947 60.0000000
1577562600.0000000 41.5460526 -123.3105263 20.0000000
1577562750.0000000 41.6013158 -123.2236842 60.0000000
1577562900.0000000 41.7078947 -123.2236842 60.0000000
1577563050.0000000 41.7513158 -123.2986842 20.0000000
1577563200.0000000 41.5736842 -123.4328947 60.0000000
1577563950.0000000 41.3763158 -123.2078947 20.0000000
1577564100.0000000 41.6171053 -123.2986842 20.0000000
1577564250.0000000 41.6171053 -123.0105263 60.0000000
1577564400.0000000 41.6486842 -123.2828947 20.0000000
1577564550.0000000 41.6486842 -123.2828947 60.0000000
1577565150.0000000 41.5894737 -123.2671053 20.0000000
1577565600.0000000 41.5263158 -123.0578947 20.0000000
1577565900.0000000 41.7671053 -123.3421053 20.0000000
1577566500.0000000 41.6013158 -123.0578947 20.0000000
1577566800.0000000 41.8105263 -123.1763158 20.0000000
1577566950.0000000 41.5578947 -122.8486842 20.0000000
1577567100.0000000 41.5421053 -123.1328947 20.0000000
1577567250.0000000 41.6921053 -123.0578947 30.0000000
1577567400.0000000 41.5578947 -123.0578947 50.0000000
1577567550.0000000 41.6328947 -123.0894737 20.0000000
1577568150.0000000 41.7828947 -123.1328947 20.0000000
1577568600.0000000 41.4513158 -122.8328947 20.0000000
1577569650.0000000 41.7513158 -123.5078947 20.0000000
1577569800.0000000 41.7394737 -123.4921053 20.0000000
1577570250.0000000 41.6921053 -123.5513158 20.0000000
1577570550.0000000 41.8144737 -123.4328947 20.0000000
1577571150.0000000 41.8421053 -123.5355263 30.0000000
1577571600.0000000 41.7236842 -123.4328947 20.0000000
1577571750.0000000 41.7552632 -123.5513158 60.0000000
1577571900.0000000 41.5736842 -123.1921053 60.0000000
1577572050.0000000 41.6328947 -123.2236842 40.0000000
1577572200.0000000 41.3644737 -123.1486842 60.0000000
1577572350.0000000 41.6921053 -123.7921053 50.0000000
1577572500.0000000 41.5736842 -123.4486842 60.0000000
1577572650.0000000 41.8421053 -123.3578947 30.0000000
1577572800.0000000 41.8578947 -123.4171053 60.0000000
1577572950.0000000 41.7828947 -123.3105263 20.0000000
1577573250.0000000 41.5736842 -123.1013158 60.0000000
1577573400.0000000 41.5105263 -123.1013158 60.0000000
1577573550.0000000 41.6171053 -123.0736842 60.0000000
1577574000.0000000 41.8421053 -123.3736842 20.0000000
1577574150.0000000 41.8144737 -123.4013158 20.0000000
1577574300.0000000 41.4078947 -123.5671053 60.0000000
1577574750.0000000 41.9486842 -123.5236842 20.0000000
1577574900.0000000 41.7671053 -123.3421053 20.0000000
1577575050.0000000 41.9671053 -123.6578947 30.0000000
1577575200.0000000 41.8263158 -123.2828947 40.0000000
1577575500.0000000 41.7671053 -123.3105263 20.0000000
1577575650.0000000 41.6763158 -123.3736842 20.0000000
1577576250.0000000 41.6171053 -123.0421053 60.0000000
1577576400.0000000 41.9328947 -123.4013158 50.0000000
1577576700.0000000 41.9828947 -123.1921053 60.0000000
1577577750.0000000 41.8263158 -123.2513158 20.0000000
1577578350.0000000 41.6171053 -123.3144737 20.0000000
1577578500.0000000 41.8263158 -123.4921053 20.0000000
1577579850.0000000 41.4513158 -123.0894737 60.0000000
1577580000.0000000 41.4947368 -123.2986842 40.0000000
1577580150.0000000 41.6171053 -123.2078947 20.0000000
1577580300.0000000 41.6763158 -123.0263158 40.0000000
1577580450.0000000 41.7986842 -122.9986842 30.0000000
1577581050.0000000 41.7828947 -123.0263158 40.0000000
1577582550.0000000 41.6013158 -123.1921053 60.0000000
1577582700.0000000 41.7078947 -123.2236842 50.0000000
1577582850.0000000 41.7986842 -122.8921053 20.0000000
1577583300.0000000 41.4078947 -123.2236842 30.0000000
1577584650.0000000 41.6328947 -123.3736842 50.0000000
1577584800.0000000 41.6171053 -123.2236842 20.0000000
1577584950.0000000 41.5894737 -123.2986842 20.0000000
1577585850.0000000 41.4986842 -123.2828947 20.0000000
1577586750.0000000 41.5144737 -123.1328947 20.0000000
1577586900.0000000 41.8263158 -123.2078947 20.0000000
1577587050.0000000 41.7236842 -123.2671053 40.0000000
1577587200.0000000 41.7513158 -123.2986842 60.0000000
1577587350.0000000 41.6486842 -123.2078947 60.0000000
1577587500.0000000 41.6171053 -123.2394737 20.0000000
1577588250.0000000 42.4763158 -123.3578947 30.0000000
1577590050.0000000 41.6328947 -123.1171053 20.0000000
1577590200.0000000 41.5421053 -122.7578947 30.0000000
1577590350.0000000 41.6013158 -122.9394737 60.0000000
1577590500.0000000 41.5578947 -123.1486842 20.0000000
1577590650.0000000 42.4605263 -123.2513158 60.0000000
1577590650.0000000 41.5263158 -122.9513158 60.0000000
1577590800.0000000 41.4986842 -122.9078947 50.0000000
1577590950.0000000 41.6921053 -122.7736842 60.0000000
1577591250.0000000 41.7828947 -123.1013158 60.0000000
1577591400.0000000 41.7236842 -123.0894737 60.0000000
1577591550.0000000 42.3736842 -123.3578947 20.0000000
1577591550.0000000 42.5328947 -123.3578947 40.0000000
1577591700.0000000 42.5513158 -123.2513158 40.0000000
1577591700.0000000 41.7828947 -123.1644737 60.0000000
1577591850.0000000 42.7013158 -123.0421053 60.0000000
1577591850.0000000 41.4828947 -123.2078947 60.0000000
1577592000.0000000 42.0460526 -123.1605263 60.0000000
1577592000.0000000 41.8578947 -123.2828947 60.0000000
1577593200.0000000 42.6736842 -123.3263158 30.0000000
1577593500.0000000 42.3894737 -123.3736842 60.0000000
1577593500.0000000 41.4828947 -122.9513158 40.0000000
1577593650.0000000 42.2921053 -123.3736842 40.0000000
1577593800.0000000 42.0671053 -123.3263158 60.0000000
1577593950.0000000 41.6328947 -123.1486842 60.0000000
1577594100.0000000 41.6328947 -123.2986842 60.0000000
1577594250.0000000 41.6328947 -123.2986842 60.0000000
1577594400.0000000 41.7828947 -123.1171053 60.0000000
1577594700.0000000 41.5263158 -123.2828947 40.0000000
1577594850.0000000 42.4763158 -123.1328947 60.0000000
1577595150.0000000 42.0105263 -123.2671053 60.0000000
1577595300.0000000 42.0828947 -123.2671053 60.0000000
1577595450.0000000 42.0144737 -123.3421053 20.0000000
1577595450.0000000 41.6644737 -123.2236842 20.0000000
1577595600.0000000 41.6013158 -123.1921053 20.0000000
1577596200.0000000 42.0236842 -123.1328947 60.0000000
1577596350.0000000 41.4986842 -122.9671053 50.0000000
1577596500.0000000 41.6763158 -123.2513158 50.0000000
1577597700.0000000 41.4828947 -122.9236842 40.0000000
1577597850.0000000 41.3763158 -122.9671053 20.0000000
1577598150.0000000 41.7986842 -123.2671053 50.0000000
1577598300.0000000 41.7078947 -123.2828947 60.0000000
1577598600.0000000 41.7236842 -123.1171053 50.0000000
1577598900.0000000 41.6171053 -122.9986842 50.0000000
1577599050.0000000 41.4828947 -123.0421053 60.0000000
1577599200.0000000 41.6921053 -122.9394737 60.0000000
1577599350.0000000 41.6171053 -123.4328947 60.0000000
1577599500.0000000 41.5736842 -123.3302632 60.0000000
1577599650.0000000 41.7355263 -123.7171053 60.0000000
1577599950.0000000 41.5736842 -123.4763158 20.0000000
1577600100.0000000 41.5421053 -123.5078947 20.0000000
1577600250.0000000 41.9013158 -123.2828947 50.0000000
1577600550.0000000 41.6644737 -123.2828947 60.0000000
1577600850.0000000 41.7394737 -123.3578947 20.0000000
1577601000.0000000 41.6013158 -123.4921053 30.0000000
1577601150.0000000 41.7671053 -123.4921053 20.0000000
1577601300.0000000 41.7236842 -122.9986842 40.0000000
1577601750.0000000 41.6921053 -123.0263158 60.0000000
1577602050.0000000 41.6328947 -123.5394737 60.0000000
1577602200.0000000 41.6328947 -123.3105263 40.0000000
1577602350.0000000 41.6921053 -123.3144737 60.0000000
1577602650.0000000 41.6328947 -123.3578947 50.0000000
1577602950.0000000 41.6644737 -123.3736842 60.0000000
1577603100.0000000 41.6328947 -123.4013158 20.0000000
1577603250.0000000 41.7078947 -123.7921053 50.0000000
1577603550.0000000 41.9763158 -123.4921053 20.0000000
1577604000.0000000 41.8263158 -123.0263158 60.0000000
1577604150.0000000 41.7671053 -123.0894737 60.0000000
1577604450.0000000 41.8578947 -123.2671053 60.0000000
1577604600.0000000 41.9763158 -123.1328947 60.0000000
1577604750.0000000 41.8855263 -123.3578947 60.0000000
1577605050.0000000 41.6013158 -122.9828947 40.0000000
1577605200.0000000 41.7236842 -123.5078947 60.0000000
1577605500.0000000 41.5578947 -123.5986842 20.0000000
1577607300.0000000 46.7986842 -122.6828947 60.0000000
1577608650.0000000 42.2828947 -123.3421053 20.0000000
1577608800.0000000 42.3421053 -123.3578947 30.0000000
1577608950.0000000 42.2671053 -123.4328947 30.0000000
1577609100.0000000 42.3078947 -123.2236842 60.0000000
1577609250.0000000 42.4013158 -123.2828947 60.0000000
1577609250.0000000 42.2210526 -123.2394737 60.0000000
1577609700.0000000 41.6328947 -122.9986842 40.0000000
1577610150.0000000 42.2921053 -123.6421053 50.0000000
1577610450.0000000 41.7078947 -123.2236842 60.0000000
1577610600.0000000 41.6763158 -122.8605263 60.0000000
1577610750.0000000 46.8144737 -122.6078947 60.0000000
1577610750.0000000 41.8421053 -123.2078947 60.0000000
1577610900.0000000 46.8105263 -122.5486842 60.0000000
1577610900.0000000 41.7671053 -123.1486842 60.0000000
1577611050.0000000 41.6013158 -123.2828947 50.0000000
1577611350.0000000 46.8421053 -122.5328947 60.0000000
1577611350.0000000 42.2355263 -123.1210526 60.0000000
1577611500.0000000 41.5263158 -123.0736842 40.0000000
1577611650.0000000 46.7078947 -122.5921053 60.0000000
1577611800.0000000 46.7671053 -122.6828947 40.0000000
1577611800.0000000 41.3763158 -123.1921053 60.0000000
1577611950.0000000 41.6328947 -123.0578947 50.0000000
1577611950.0000000 41.3328947 -123.0421053 60.0000000
1577612100.0000000 41.6013158 -123.1921053 20.0000000
1577612250.0000000 41.5736842 -123.1486842 20.0000000
1577612550.0000000 42.1171053 -123.2513158 20.0000000
1577612700.0000000 41.5421053 -123.2236842 20.0000000
1577612850.0000000 41.5105263 -123.0381579 20.0000000
1577613000.0000000 41.5105263 -123.1171053 20.0000000
1577613150.0000000 41.4671053 -123.2078947 20.0000000
1577613300.0000000 41.4986842 -122.8013158 40.0000000
1577613450.0000000 41.5421053 -123.1328947 20.0000000
1577613600.0000000 41.5263158 -123.1328947 20.0000000
1577613900.0000000 41.9671053 -123.1486842 60.0000000
1577613900.0000000 41.7078947 -123.2078947 20.0000000
1577614200.0000000 41.7394737 -123.1763158 60.0000000
1577614500.0000000 41.7513158 -122.9986842 60.0000000
1577614800.0000000 41.5421053 -123.2513158 20.0000000
1577614950.0000000 41.6013158 -123.2986842 20.0000000
1577615250.0000000 41.5421053 -122.9355263 60.0000000
1577615550.0000000 42.1921053 -122.9394737 60.0000000
1577615700.0000000 42.1894737 -123.0578947 60.0000000
1577615850.0000000 42.0828947 -123.1486842 60.0000000
1577616000.0000000 41.6763158 -123.1171053 60.0000000
1577616150.0000000 41.6644737 -123.0578947 60.0000000
1577616300.0000000 41.6171053 -123.1921053 60.0000000
1577616450.0000000 41.7513158 -123.0855263 60.0000000
1577616600.0000000 41.8105263 -123.1013158 60.0000000
1577616750.0000000 41.6328947 -123.4328947 60.0000000
1577616900.0000000 41.5302632 -123.3263158 60.0000000
1577617200.0000000 41.9605263 -123.1013158 60.0000000
1577617350.0000000 41.5263158 -123.1921053 60.0000000
1577617650.0000000 41.8578947 -122.9828947 60.0000000
1577618250.0000000 41.3328947 -122.7421053 20.0000000
1577618550.0000000 41.6921053 -122.8921053 60.0000000
1577618700.0000000 41.5578947 -122.9355263 30.0000000
1577618850.0000000 41.6013158 -123.5513158 60.0000000
1577619150.0000000 42.1578947 -123.2394737 60.0000000
1577619300.0000000 41.7236842 -122.9828947 40.0000000
1577619450.0000000 41.6171053 -122.9355263 60.0000000
1577620050.0000000 41.4078947 -122.9671053 20.0000000
1577620200.0000000 41.9986842 -123.1328947 40.0000000
1577620350.0000000 41.3328947 -122.8171053 20.0000000
1577620500.0000000 41.8421053 -123.0578947 30.0000000
1577620950.0000000 41.6644737 -122.8763158 20.0000000
1577621400.0000000 41.5894737 -122.9671053 30.0000000
1577621550.0000000 42.0736842 -122.8921053 60.0000000
1577621550.0000000 41.6605263 -123.1605263 30.0000000
1577621700.0000000 41.6605263 -123.0421053 60.0000000
1577621850.0000000 41.4986842 -122.9986842 50.0000000
1577622000.0000000 41.4671053 -123.0578947 20.0000000
1577622150.0000000 41.4236842 -123.0736842 20.0000000
1577622300.0000000 41.4828947 -123.0578947 20.0000000
1577622450.0000000 41.5263158 -123.0105263 30.0000000
1577622600.0000000 41.5421053 -123.1328947 60.0000000
1577623500.0000000 42.0263158 -123.0736842 60.0000000
1577623500.0000000 41.4986842 -123.1605263 20.0000000
1577623650.0000000 41.4710526 -123.0776316 20.0000000
1577623800.0000000 41.4789474 -123.0973684 20.0000000
1577624100.0000000 41.6013158 -123.1171053 20.0000000
1577624250.0000000 41.6013158 -123.1486842 30.0000000
1577624400.0000000 41.4236842 -122.9828947 60.0000000
1577624550.0000000 41.4671053 -123.0421053 20.0000000
1577624700.0000000 41.3921053 -122.8605263 50.0000000
1577624850.0000000 41.5421053 -122.7263158 20.0000000
1577625000.0000000 41.7078947 -123.2986842 20.0000000
1577625150.0000000 41.6605263 -123.2671053 20.0000000
1577625450.0000000 41.7039474 -123.0105263 60.0000000
1577625600.0000000 41.5421053 -122.9355263 40.0000000
1577626350.0000000 41.4986842 -123.1013158 20.0000000
1577626500.0000000 41.5421053 -123.0421053 40.0000000
1577626800.0000000 41.4671053 -123.1013158 20.0000000
1577626950.0000000 41.4078947 -123.1328947 60.0000000
1577627250.0000000 41.9171053 -123.1328947 60.0000000
1577627400.0000000 41.6921053 -123.0263158 60.0000000
1577628150.0000000 41.8578947 -123.1328947 60.0000000
1577628300.0000000 41.7394737 -123.0421053 60.0000000
1577628600.0000000 41.4513158 -123.1013158 30.0000000
1577628750.0000000 41.4671053 -123.1013158 30.0000000
1577628900.0000000 41.4513158 -123.0736842 40.0000000
1577629050.0000000 41.4828947 -123.1328947 20.0000000
1577629350.0000000 41.4078947 -122.8921053 20.0000000
1577629650.0000000 41.4671053 -122.9671053 20.0000000
1577629950.0000000 41.6763158 -122.9828947 60.0000000
1577630100.0000000 41.5421053 -122.9986842 60.0000000
1577630400.0000000 41.4671053 -123.0144737 60.0000000
1577630550.0000000 41.4513158 -123.0421053 20.0000000
1577630850.0000000 41.6171053 -122.9828947 30.0000000
1577631300.0000000 41.8421053 -123.0894737 20.0000000
1577631600.0000000 41.6171053 -122.9828947 60.0000000
1577631750.0000000 41.5105263 -122.8447368 20.0000000
1577632050.0000000 41.6171053 -122.9828947 20.0000000
1577632200.0000000 41.6605263 -122.8763158 20.0000000
1577632350.0000000 41.6921053 -122.9986842 60.0000000
1577632350.0000000 41.3921053 -123.1921053 60.0000000
1577632800.0000000 41.4986842 -122.9986842 60.0000000
1577632950.0000000 41.4078947 -123.0578947 20.0000000
1577633250.0000000 41.3921053 -123.0578947 40.0000000
1577633400.0000000 41.3921053 -123.0736842 20.0000000
1577633700.0000000 41.4828947 -123.0736842 60.0000000
1577633850.0000000 41.4986842 -123.0894737 20.0000000
1577634000.0000000 41.5736842 -123.0263158 60.0000000
1577634150.0000000 41.6013158 -122.9078947 40.0000000
1577634600.0000000 41.3447368 -123.1328947 20.0000000
1577634750.0000000 41.4828947 -123.1328947 30.0000000
1577635200.0000000 41.7828947 -123.1171053 20.0000000
1577635350.0000000 41.6328947 -123.3421053 20.0000000
1577636250.0000000 41.7236842 -123.1328947 60.0000000
1577636400.0000000 41.4986842 -122.8486842 60.0000000
1577636550.0000000 41.4710526 -122.7894737 60.0000000
1577637600.0000000 41.6171053 -123.3421053 30.0000000
1577637750.0000000 41.4828947 -123.1171053 40.0000000
1577638800.0000000 41.7671053 -123.4171053 50.0000000
1577639550.0000000 41.5421053 -122.9513158 20.0000000
1577639850.0000000 41.4671053 -123.2513158 60.0000000
1577640150.0000000 41.7513158 -123.1328947 30.0000000
1577640300.0000000 41.4986842 -123.1328947 30.0000000
1577640450.0000000 41.4986842 -123.1328947 30.0000000
1577640600.0000000 41.4671053 -123.1013158 20.0000000
1577641050.0000000 41.5894737 -123.4052632 60.0000000
1577641200.0000000 41.6013158 -123.3736842 40.0000000
1577641350.0000000 41.6013158 -123.1921053 60.0000000
1577641800.0000000 41.2421053 -122.7578947 60.0000000
1577642700.0000000 41.5618421 -123.2434211 20.0000000
1577642850.0000000 41.4986842 -122.9986842 60.0000000
1577643150.0000000 41.4986842 -123.1052632 20.0000000
1577644350.0000000 41.3763158 -122.8328947 60.0000000
1577644500.0000000 41.4671053 -123.2078947 20.0000000
1577644650.0000000 41.4513158 -123.1486842 20.0000000
1577644800.0000000 41.4236842 -123.1486842 20.0000000
1577644950.0000000 41.3921053 -123.1486842 20.0000000
1577645100.0000000 41.4828947 -123.0578947 40.0000000
1577645400.0000000 41.4394737 -123.1171053 20.0000000
1577645550.0000000 41.3921053 -123.1013158 20.0000000
1577645700.0000000 41.4671053 -122.9828947 60.0000000
1577645850.0000000 41.4236842 -123.1486842 20.0000000
1577646000.0000000 41.4828947 -123.1013158 20.0000000
1577646150.0000000 41.4828947 -123.0421053 20.0000000
1577646300.0000000 41.4828947 -122.9986842 20.0000000
1577646450.0000000 41.3921053 -123.0421053 20.0000000
1577646600.0000000 41.4986842 -123.0578947 20.0000000
1577646750.0000000 41.4828947 -123.0578947 50.0000000
1577647050.0000000 41.3921053 -122.6986842 60.0000000
1577647200.0000000 41.3171053 -122.9828947 30.0000000
1577647350.0000000 41.3763158 -123.0578947 20.0000000
1577647500.0000000 41.4671053 -123.0736842 50.0000000
1577647800.0000000 41.4513158 -123.1328947 30.0000000
1577647950.0000000 41.3328947 -123.1328947 60.0000000
1577648100.0000000 41.5105263 -122.9671053 60.0000000
1577648250.0000000 41.4513158 -122.9986842 60.0000000
1577648400.0000000 41.4355263 -123.1171053 20.0000000
1577648550.0000000 41.3052632 -122.9118421 60.0000000
1577648700.0000000 41.4828947 -122.9513158 20.0000000
1577648850.0000000 41.7671053 -123.1921053 40.0000000
1577649000.0000000 41.5381579 -123.2394737 20.0000000
1577649300.0000000 41.5421053 -123.0578947 20.0000000
1577649450.0000000 41.5736842 -123.1013158 20.0000000
1577649600.0000000 41.6328947 -123.1486842 20.0000000
1577649750.0000000 41.5578947 -123.1486842 20.0000000
1577649900.0000000 41.6171053 -123.0578947 30.0000000
1577650050.0000000 41.6171053 -123.0578947 60.0000000
1577650200.0000000 41.6921053 -123.1013158 60.0000000
1577650500.0000000 41.6171053 -123.1921053 20.0000000
1577650650.0000000 41.6171053 -123.1763158 20.0000000
1577650950.0000000 41.4671053 -123.1921053 20.0000000
1577651100.0000000 41.4078947 -123.1605263 20.0000000
1577651250.0000000 41.3605263 -122.8171053 60.0000000
1577651400.0000000 41.3171053 -122.9236842 60.0000000
1577651550.0000000 41.2894737 -123.0578947 60.0000000
1577651700.0000000 41.3171053 -123.0263158 30.0000000
1577652000.0000000 41.3328947 -123.0855263 60.0000000
1577652150.0000000 41.3171053 -123.0263158 60.0000000
1577652300.0000000 41.1671053 -122.6513158 60.0000000
1577652600.0000000 41.3171053 -122.6513158 60.0000000
1577653200.0000000 41.1236842 -123.1921053 60.0000000
1577653950.0000000 41.7828947 -122.9078947 60.0000000
1577654100.0000000 41.8578947 -122.9671053 30.0000000
1577654550.0000000 41.2736842 -122.8328947 60.0000000
1577654700.0000000 41.3328947 -123.0421053 40.0000000
1577655150.0000000 41.5539474 -123.1605263 20.0000000
1577655300.0000000 41.7078947 -123.1171053 20.0000000
1577655450.0000000 41.6921053 -123.1605263 20.0000000
1577655600.0000000 41.6171053 -123.1763158 20.0000000
1577655750.0000000 41.5144737 -123.1921053 30.0000000
1577656050.0000000 41.3447368 -123.2078947 30.0000000
1577656200.0000000 41.6052632 -123.1013158 20.0000000
1577656350.0000000 41.5736842 -123.1171053 20.0000000
1577656500.0000000 41.5421053 -123.1328947 20.0000000
1577656950.0000000 41.4986842 -123.1013158 20.0000000
1577657250.0000000 41.6171053 -123.1921053 20.0000000
1577657400.0000000 41.2894737 -123.3421053 60.0000000
1577657700.0000000 41.4078947 -123.2828947 60.0000000
1577657850.0000000 41.5263158 -123.2078947 20.0000000
1577658000.0000000 41.6328947 -123.1763158 30.0000000
1577658150.0000000 41.6763158 -123.2078947 20.0000000
1577658300.0000000 41.6763158 -122.9078947 20.0000000
1577658450.0000000 41.4236842 -122.8921053 60.0000000
1577658750.0000000 41.6486842 -123.1052632 20.0000000
1577658900.0000000 41.6328947 -123.0421053 30.0000000
1577659800.0000000 41.6171053 -123.1013158 60.0000000
1577659950.0000000 41.6328947 -123.1171053 40.0000000
1577660250.0000000 41.7394737 -123.0578947 20.0000000
1577660400.0000000 41.7828947 -123.0736842 20.0000000
1577660550.0000000 41.8578947 -123.2078947 60.0000000
1577660700.0000000 41.7236842 -123.1013158 20.0000000
1577660850.0000000 41.9039474 -123.1605263 60.0000000
1577661000.0000000 41.5263158 -123.2078947 20.0000000
1577661300.0000000 41.4671053 -123.0736842 60.0000000
1577661750.0000000 41.7513158 -122.8921053 30.0000000
1577662200.0000000 41.6013158 -123.1013158 60.0000000
1577662350.0000000 41.4236842 -123.1171053 60.0000000
1577662500.0000000 41.4394737 -123.1171053 60.0000000
1577662950.0000000 41.4078947 -122.9671053 20.0000000
1577663850.0000000 41.2736842 -122.9828947 60.0000000
1577664000.0000000 41.4236842 -123.1486842 60.0000000
1577664900.0000000 41.3013158 -123.2986842 60.0000000
1577665200.0000000 41.4986842 -122.9986842 60.0000000
1577665350.0000000 41.3763158 -123.0578947 40.0000000
1577665650.0000000 41.4671053 -123.0736842 20.0000000
1577670450.0000000 41.4394737 -122.9236842 60.0000000
1577670600.0000000 41.2736842 -123.0578947 20.0000000
1577671050.0000000 41.3486842 -123.3736842 60.0000000
1577671200.0000000 41.3486842 -123.1328947 20.0000000
1577671350.0000000 41.3328947 -123.0421053 20.0000000
1577671500.0000000 41.5578947 -122.8328947 50.0000000
1577671800.0000000 41.2421053 -122.9355263 20.0000000
1577671950.0000000 41.2736842 -122.9671053 20.0000000
1577672100.0000000 41.3921053 -122.8328947 60.0000000
1577672250.0000000 41.3644737 -122.9828947 60.0000000
1577672400.0000000 41.3328947 -123.0263158 20.0000000
1577672700.0000000 41.3921053 -123.0578947 30.0000000
1577673150.0000000 41.5421053 -123.1171053 50.0000000
1577673300.0000000 41.4671053 -123.1171053 30.0000000
1577673450.0000000 41.4355263 -123.1328947 30.0000000
1577673600.0000000 41.4236842 -123.1328947 20.0000000
1577673750.0000000 41.4078947 -123.1328947 20.0000000
1577673900.0000000 41.5736842 -123.0578947 60.0000000
1577674050.0000000 41.5302632 -122.8368421 60.0000000
1577674200.0000000 41.3763158 -122.9828947 20.0000000
1577674350.0000000 41.3486842 -123.0421053 20.0000000
1577675400.0000000 41.4078947 -123.0578947 20.0000000
1577675550.0000000 41.4355263 -123.1289474 20.0000000
1577675700.0000000 41.4078947 -123.1328947 20.0000000
1577676900.0000000 41.3921053 -122.9513158 60.0000000
1577679300.0000000 41.3013158 -123.3144737 20.0000000
1577679450.0000000 41.4671053 -123.3105263 20.0000000
1577679600.0000000 41.3013158 -123.0578947 20.0000000
1577679750.0000000 41.3486842 -123.1013158 20.0000000
1577679750.0000000 41.1078947 -123.1013158 60.0000000
1577679900.0000000 41.3171053 -123.0578947 20.0000000
1577680050.0000000 41.3013158 -123.0578947 20.0000000
1577682000.0000000 41.4236842 -123.2828947 60.0000000
1577682150.0000000 41.3486842 -123.3736842 30.0000000
1577682300.0000000 41.3013158 -122.9236842 60.0000000
1577682600.0000000 41.3921053 -123.2355263 20.0000000
1577682750.0000000 41.4078947 -123.2513158 20.0000000
1577683950.0000000 41.3921053 -123.2671053 40.0000000
