# time x y cluster_labels
315476130.0000000 493857.0883492 4602447.2552425 -1.0000000
315476190.0000000 459116.7480384 4627541.7784720 0.0000000
315476220.0000000 459096.6829396 4624035.7220925 0.0000000
315476250.0000000 479116.0179683 4625702.2521753 0.0000000
315476280.0000000 450669.1868712 4638990.5173636 0.0000000
315476310.0000000 529752.1819190 4430736.2454068 -1.0000000
315476340.0000000 466626.6813119 4620490.4995146 0.0000000
315476490.0000000 495172.2537968 4600693.2983351 -1.0000000
315476520.0000000 487641.5287906 4623929.3962692 0.0000000
315476610.0000000 547499.1429114 4447476.0385564 1.0000000
315476640.0000000 475362.7814983 4678161.6158570 -1.0000000
315476640.0000000 544820.8873746 4445707.0861189 1.0000000
315476670.0000000 546154.8268178 4447467.7130599 1.0000000
315476790.0000000 501414.3708847 4661025.4422574 0.0000000
315476820.0000000 462918.4202173 4664628.9514398 0.0000000
315476910.0000000 549895.0142185 4440919.1681533 1.0000000
315477000.0000000 473095.3163185 4681238.0270148 -1.0000000
315477000.0000000 479208.4982172 4657257.4401265 0.0000000
315477030.0000000 496498.7517638 4620851.8011358 0.0000000
315477060.0000000 470266.7506923 4627486.6520682 0.0000000
315477120.0000000 484051.0227980 4632263.4308512 0.0000000
315477120.0000000 556162.2333956 4457613.2237457 -1.0000000
315477150.0000000 556484.7295547 4459368.3132197 -1.0000000
315477210.0000000 465362.5208747 4630576.6378804 0.0000000
315477240.0000000 460491.7182242 4638929.2014511 0.0000000
315477270.0000000 464042.4948636 4628830.0872284 0.0000000
315477450.0000000 493903.1842175 4656206.8703414 0.0000000
315477450.0000000 490332.2458735 4672135.1165967 0.0000000
315477450.0000000 537202.8459285 4422444.5671667 -1.0000000
315477480.0000000 451713.0320156 4648041.3521645 0.0000000
315477480.0000000 541230.1159482 4425970.3484976 -1.0000000
315477510.0000000 553931.4902862 4440946.8239895 1.0000000
315477540.0000000 445252.7236232 4615801.0094168 0.0000000
315477570.0000000 454346.9061013 4650799.7644990 0.0000000
315477660.0000000 456850.1512347 4685848.3062237 -1.0000000
315477690.0000000 453087.8303054 4658112.9241965 0.0000000
315477690.0000000 465411.5012503 4640656.6923582 0.0000000
315477750.0000000 457991.9477477 4659104.7861151 0.0000000
315477810.0000000 465723.7326375 4704500.7368666 -1.0000000
315477900.0000000 486657.2258572 4623931.1654561 0.0000000
315477930.0000000 487627.1459819 4615602.6223604 0.0000000
315477960.0000000 491600.4560348 4642330.6113413 0.0000000
315477990.0000000 485372.7010347 4637519.7601900 0.0000000
315478020.0000000 453415.7864028 4707348.2316498 -1.0000000
315478050.0000000 482822.7903132 4666305.5894622 0.0000000
315478050.0000000 453071.3612027 4655629.3443132 0.0000000
315478080.0000000 500109.2403999 4632245.5956487 0.0000000
315478140.0000000 435378.9136665 4649924.5607776 0.0000000
315478170.0000000 438051.8062891 4656475.3791482 0.0000000
315478200.0000000 414413.5767295 4646639.8720056 -1.0000000
315478200.0000000 455885.4340040 4687607.5749340 -1.0000000
315478230.0000000 459436.1050333 4683056.8932812 -1.0000000
315478230.0000000 454402.9014404 4709533.3635289 -1.0000000
315478260.0000000 485407.5725215 4654466.1769600 0.0000000
315478290.0000000 457903.5315909 4644203.4415252 0.0000000
315478320.0000000 459202.1638966 4642442.7314666 0.0000000
315478350.0000000 477867.5765836 4646158.4682273 0.0000000
315478380.0000000 457872.3813004 4638944.2265103 0.0000000
315478410.0000000 444003.9512091 4624138.0026601 -1.0000000
315478440.0000000 481398.4916113 4620436.8655448 0.0000000
315478470.0000000 482732.7301418 4629198.6704065 0.0000000
315478500.0000000 466729.0539418 4642403.5145521 0.0000000
315478530.0000000 452984.2916861 4642481.1401407 0.0000000
315478560.0000000 469048.5149842 4648967.2092511 0.0000000
315478620.0000000 453041.3478229 4651100.4883082 0.0000000
315478650.0000000 476519.2691625 4634037.3176924 0.0000000
315478680.0000000 474243.2402604 4638866.1388852 0.0000000
315478710.0000000 468023.6313381 4639183.5524062 0.0000000
315478710.0000000 472870.3180360 4622217.1468051 0.0000000
315478860.0000000 449337.6845105 4635931.8557734 0.0000000
315478890.0000000 484073.5882163 4642343.4908524 0.0000000
315478920.0000000 484088.3264516 4648917.5279423 0.0000000
315478950.0000000 455747.7340629 4665692.9685025 0.0000000
315478980.0000000 464163.4298963 4652788.6780635 0.0000000
315478980.0000000 470294.1362788 4634060.5465346 0.0000000
315479040.0000000 454282.0490860 4640719.5282920 0.0000000
315479130.0000000 475254.5024694 4647189.7386564 0.0000000
315479160.0000000 441942.4773080 4652935.9266683 0.0000000
315479160.0000000 461801.3903329 4638922.0504838 0.0000000
315479280.0000000 468947.3659160 4625739.2070344 0.0000000
315479310.0000000 446857.3203152 4654650.5623852 0.0000000
315479310.0000000 454121.8141550 4615738.7579460 0.0000000
315479370.0000000 464035.8730062 4627515.3119635 0.0000000
315479400.0000000 466596.0470856 4613916.7411499 0.0000000
315479430.0000000 465249.9860682 4607349.2902877 0.0000000
315479460.0000000 454046.1614507 4603906.1017183 0.0000000
315479520.0000000 471637.8866414 4642382.2325747 0.0000000
315479550.0000000 466712.6476198 4638897.3813019 0.0000000
315479580.0000000 464060.1606864 4632336.1656030 0.0000000
315479610.0000000 461775.5222031 4634101.1452472 0.0000000
315479670.0000000 493894.5078006 4646126.5954788 0.0000000
315479700.0000000 462730.9696413 4628836.8139641 0.0000000
315479730.0000000 487702.3211931 4658990.6937774 0.0000000
315479760.0000000 500109.1127412 4640572.5844974 0.0000000
315479790.0000000 507653.8157201 4625675.8331052 -1.0000000
315479820.0000000 476601.7558181 4659018.7134254 0.0000000
315479850.0000000 493923.2362535 4679435.9367466 0.0000000
315479850.0000000 458892.6681937 4645512.5038883 0.0000000
315479880.0000000 453039.4122963 4650808.3050048 0.0000000
315479910.0000000 447446.8743316 4646026.2820239 0.0000000
315479940.0000000 458084.1435723 4619220.6248020 0.0000000
315480090.0000000 500109.5152326 4614277.2025480 -1.0000000
315480150.0000000 479210.6450635 4657987.9031298 0.0000000
315480150.0000000 481390.5209854 4617369.1093293 0.0000000
315480180.0000000 470190.2409495 4609080.1093869 0.0000000
315480240.0000000 482789.0374473 4652426.7640625 0.0000000
315480270.0000000 486742.3547782 4669365.1364830 0.0000000
315480270.0000000 485388.9213485 4645408.5540627 0.0000000
315480300.0000000 489014.1785486 4662786.9653732 0.0000000
315480330.0000000 491598.3847885 4640577.5461501 0.0000000
315480360.0000000 501410.3284175 4681186.6224771 -1.0000000
315480420.0000000 496500.2530451 4623919.5716472 0.0000000
315480510.0000000 513915.1261202 4610784.7178918 -1.0000000
315480540.0000000 495202.8299795 4646125.5909039 0.0000000
315480600.0000000 454393.9759448 4658104.3816255 0.0000000
315480690.0000000 488988.3094547 4646132.5099071 0.0000000
315480720.0000000 475309.0791934 4662821.5821689 0.0000000
315480840.0000000 464051.3264029 4630583.1240116 0.0000000
315480870.0000000 464077.8374888 4635842.2643220 0.0000000
315481380.0000000 445443.9376871 4640781.8353377 0.0000000
315481410.0000000 465379.5476200 4634082.7261789 0.0000000
315481470.0000000 471564.5587252 4623975.2624156 0.0000000
315481500.0000000 471564.5587252 4623975.2624156 0.0000000
315481800.0000000 456471.8671543 4624051.2210918 0.0000000
315481830.0000000 456613.5766419 4647279.2134735 0.0000000
315482100.0000000 456635.0173098 4650785.3989199 0.0000000
315482130.0000000 440588.8609141 4647395.2687217 0.0000000
315482280.0000000 481433.8423421 4634022.8201367 0.0000000
315482310.0000000 440409.4237601 4625920.2167500 -1.0000000
315482340.0000000 479116.0179683 4625702.2521753 0.0000000
315482370.0000000 482769.5339441 4644391.7931993 0.0000000
315482370.0000000 490325.6294615 4667313.9747251 0.0000000
315482400.0000000 484100.7853776 4654468.9905662 0.0000000
315482460.0000000 451781.6925677 4658121.7079320 0.0000000
315482550.0000000 489029.8729440 4672867.5065155 0.0000000
315482670.0000000 462724.1062454 4627522.0383832 0.0000000
315482700.0000000 464068.9977190 4634089.2131132 0.0000000
315482730.0000000 459192.1032803 4640689.6595151 0.0000000
315482760.0000000 490307.6131014 4654165.5903922 0.0000000
315482910.0000000 468846.6329953 4602512.0489241 0.0000000
315482970.0000000 459144.3579266 4632362.6366481 0.0000000
315483000.0000000 486335.8281718 4627437.8285739 0.0000000
315483150.0000000 497823.4189008 4658980.3346953 0.0000000
315483180.0000000 484017.7389789 4617362.7668633 0.0000000
315483270.0000000 465273.3041064 4612169.9918658 0.0000000
315483300.0000000 459011.5456842 4609135.1985460 0.0000000
315483570.0000000 465339.1263735 4625755.7985800 0.0000000
315483600.0000000 462705.8116876 4624015.9844930 0.0000000
315483930.0000000 459116.7480384 4627541.7784720 0.0000000
315483960.0000000 455457.5579706 4619236.4824182 0.0000000
315483990.0000000 454144.2604273 4619244.7725900 0.0000000
315484050.0000000 465339.1263735 4625755.7985800 0.0000000
315484200.0000000 454282.0490860 4640719.5282920 0.0000000
315484440.0000000 466714.0144256 4639189.5584299 0.0000000
315484740.0000000 465339.1263735 4625755.7985800 0.0000000
315484770.0000000 445406.9707878 4635960.8990263 0.0000000
315484890.0000000 439301.9774436 4649889.8964935 0.0000000
315484920.0000000 452949.5203871 4637221.9339313 0.0000000
315484950.0000000 432943.1781737 4634314.1168524 -1.0000000
315485010.0000000 417009.7705087 4644855.7036816 -1.0000000
315485040.0000000 481390.5209854 4617369.1093293 0.0000000
315485070.0000000 472876.9674199 4623970.1630769 0.0000000
315485130.0000000 490248.4548416 4610777.8552603 0.0000000
315485190.0000000 466838.0021912 4665632.1311966 0.0000000
315485310.0000000 495202.8299795 4646125.5909039 0.0000000
315485340.0000000 474225.7979904 4634045.2430543 0.0000000
315485370.0000000 459134.3152393 4630609.5934140 0.0000000
315485400.0000000 454324.3340616 4647293.5773582 0.0000000
315485430.0000000 464051.3264029 4630583.1240116 0.0000000
315485460.0000000 464060.1606864 4632336.1656030 0.0000000
315485490.0000000 469044.0531442 4647944.5756753 0.0000000
315485490.0000000 461775.5222031 4634101.1452472 0.0000000
315485520.0000000 442122.4057512 4674850.1629916 0.0000000
315485580.0000000 479067.4170477 4609048.7552872 0.0000000
315485640.0000000 471559.3301696 4622660.4997948 0.0000000
315485670.0000000 468968.3249391 4630560.0434766 0.0000000
315485700.0000000 460578.6263616 4654560.8758028 0.0000000
315485760.0000000 477783.5239457 4619132.4052686 0.0000000
315485910.0000000 437130.4460175 4663058.2611966 0.0000000
315485940.0000000 450592.3322520 4674785.5862981 0.0000000
315485970.0000000 477803.9321428 4625706.2074034 0.0000000
315486000.0000000 445521.3338706 4650862.0928821 0.0000000
315486030.0000000 488933.6460500 4610779.7615363 0.0000000
315486180.0000000 465275.4249174 4612608.2382569 0.0000000
315486240.0000000 434707.1925278 4683243.4110470 -1.0000000
315486240.0000000 450122.1690348 4607438.3548664 0.0000000
315486360.0000000 466706.4978674 4637582.5858809 0.0000000
315486420.0000000 464051.3264029 4630583.1240116 0.0000000
315486510.0000000 468975.9508429 4632313.0836355 0.0000000
315486540.0000000 469004.5690786 4638887.0290656 0.0000000
315486660.0000000 476464.4801958 4617383.5982013 0.0000000
315486960.0000000 467665.0710878 4632318.9074710 0.0000000
315487410.0000000 471678.1435944 4652462.4644418 0.0000000
315487560.0000000 459192.1032803 4640689.6595151 0.0000000
315487620.0000000 464018.2222757 4624009.2589216 0.0000000
315487650.0000000 441888.6337160 4646361.8006102 0.0000000
315487650.0000000 465290.2752644 4615675.9780686 0.0000000
315487920.0000000 488982.4201058 4642334.1871582 0.0000000
315487980.0000000 467673.0216982 4634071.9539154 0.0000000
315488010.0000000 465379.5476200 4634082.7261789 0.0000000
315488040.0000000 451493.9403554 4615756.0586872 0.0000000
315488460.0000000 457843.8522940 4634123.3175434 0.0000000
315488490.0000000 452929.2520545 4634154.0833651 0.0000000
315488550.0000000 440588.8609141 4647395.2687217 0.0000000
315488580.0000000 488972.2363316 4635760.2190325 0.0000000
315488640.0000000 460234.8477736 4592474.7021738 0.0000000
315488670.0000000 486645.7816884 4617795.6377534 0.0000000
315488730.0000000 505002.2009387 4664533.3196185 -1.0000000
315488730.0000000 495191.1012744 4628741.1474368 0.0000000
315488760.0000000 468975.9508429 4632313.0836355 0.0000000
315488790.0000000 462671.5400947 4617442.1864996 0.0000000
315488820.0000000 465362.5208747 4630576.6378804 0.0000000
315488910.0000000 465290.2752644 4615675.9780686 0.0000000
315488940.0000000 463916.9439548 4603849.8294935 0.0000000
315489000.0000000 495206.0888605 4650946.5722856 0.0000000
315489000.0000000 477803.9321428 4625706.2074034 0.0000000
315489030.0000000 452600.7199578 4584194.0106641 -1.0000000
315489060.0000000 451393.2443442 4600855.7023215 0.0000000
315489150.0000000 473922.2478336 4640620.3933821 0.0000000
315489180.0000000 464777.2451849 4772887.3688427 2.0000000
315489240.0000000 470286.8303340 4632307.5007946 0.0000000
315489300.0000000 500429.9181433 4746057.2468277 -1.0000000
315489300.0000000 476503.3925431 4629216.4585710 0.0000000
315489330.0000000 493896.8954221 4648902.3071863 0.0000000
315489360.0000000 477924.3944207 4766256.7626927 2.0000000
315489420.0000000 464172.2988825 4654541.7805860 0.0000000
315489480.0000000 485636.4569836 4764482.7934823 2.0000000
315489510.0000000 448088.2498516 4644268.3851856 0.0000000
315489540.0000000 477850.2788967 4640607.0751424 0.0000000
315489570.0000000 482116.3881796 4771066.4394694 2.0000000
315489600.0000000 451755.8061729 4654323.2938480 0.0000000
315489660.0000000 456201.3837722 4787842.0072539 3.0000000
315489690.0000000 451419.3229611 4791381.6778367 3.0000000
315489690.0000000 466596.0470856 4613916.7411499 0.0000000
315489780.0000000 457784.2793867 4624043.3511018 0.0000000
315489810.0000000 473442.2896917 4771094.6778922 2.0000000
315489840.0000000 474363.3827667 4759693.8399351 2.0000000
315489840.0000000 471623.9009963 4638876.1018974 0.0000000
315489870.0000000 465388.0649545 4635835.7769891 0.0000000
315489900.0000000 457823.1192074 4630617.2242198 0.0000000
315489960.0000000 491724.1407603 4746062.2112062 -1.0000000
315489990.0000000 428355.5382656 4666648.4904444 -1.0000000
315489990.0000000 444265.6004845 4657446.4283920 0.0000000
315490020.0000000 451394.2103447 4787874.7184960 3.0000000
315490020.0000000 467873.0783602 4605584.0794515 0.0000000
315490050.0000000 463483.1383256 4771140.6939107 2.0000000
315490080.0000000 466759.8431692 4648977.5650521 0.0000000
315490110.0000000 467386.5805391 4781203.4344368 2.0000000
315490110.0000000 434068.0781556 4614142.0022527 -1.0000000
315490140.0000000 451618.6988151 4634162.8599625 0.0000000
315490170.0000000 471664.1330610 4648956.2783203 0.0000000
315490200.0000000 470356.3282843 4648961.6232032 0.0000000
315490230.0000000 468983.5791199 4634066.1297203 0.0000000
315490290.0000000 473102.0434309 4766274.0366393 2.0000000
315490290.0000000 457745.4848882 4617469.5465473 0.0000000
315490320.0000000 459059.0945532 4617461.9193670 0.0000000
315490440.0000000 458735.9412379 4783003.9206647 2.0000000
315490470.0000000 502680.4489040 4762714.8340882 -1.0000000
315490500.0000000 508815.4946800 4744309.5279193 -1.0000000
315490530.0000000 489147.4230687 4747819.1546724 -1.0000000
315490530.0000000 465290.2752644 4615675.9780686 0.0000000
315490560.0000000 476954.0171404 4764506.5374885 2.0000000
315490590.0000000 482111.7947695 4769313.0188972 2.0000000
315490680.0000000 476948.1100421 4762753.1333892 2.0000000
315490710.0000000 493340.9981563 4750882.2019185 -1.0000000
315490740.0000000 479208.4982172 4657257.4401265 0.0000000
315490770.0000000 461428.9199173 4630596.8193070 0.0000000
315490800.0000000 464018.2222757 4624009.2589216 0.0000000
315490830.0000000 459011.5456842 4609135.1985460 0.0000000
315490890.0000000 471534.8449103 4775924.3873116 2.0000000
315490980.0000000 440340.0296261 4617593.3478604 0.0000000
315491130.0000000 471268.2220037 4631865.2112045 0.0000000
315491190.0000000 451538.4501432 4622329.8558881 0.0000000
315491220.0000000 462584.8981282 4600788.8654368 0.0000000
315491280.0000000 446904.4944119 4660932.5767678 0.0000000
315491310.0000000 456664.5198445 4655606.4345589 0.0000000
315491340.0000000 451449.4826406 4609182.3298594 0.0000000
315491430.0000000 476470.2398252 4619136.6004001 0.0000000
315491460.0000000 470244.8652043 4622227.5857058 0.0000000
315491490.0000000 448286.2167714 4671295.6462793 0.0000000
315491490.0000000 466712.6476198 4638897.3813019 0.0000000
315491520.0000000 475190.4271483 4628782.6390485 0.0000000
315491550.0000000 473854.8636374 4622213.4806454 0.0000000
315491580.0000000 440609.6560908 4649878.8241500 0.0000000
315491580.0000000 465339.1263735 4625755.7985800 0.0000000
315491670.0000000 459154.4037391 4634115.6857929 0.0000000
315491700.0000000 451550.3282038 4624082.8793191 0.0000000
315491730.0000000 460271.6146064 4658068.9251957 0.0000000
315491730.0000000 446455.7330204 4600890.7184670 0.0000000
315491790.0000000 473898.1568269 4634046.4355088 0.0000000
315491820.0000000 475219.3877719 4637109.5946081 0.0000000
315491880.0000000 464421.8210023 4766313.7026558 2.0000000
315491910.0000000 493875.4489324 4623921.3383190 0.0000000
315492000.0000000 460464.9631385 4634108.2950116 0.0000000
315492030.0000000 496500.2530451 4623919.5716472 0.0000000
315492060.0000000 473011.5045824 4659323.6958878 0.0000000
315492180.0000000 454186.3849184 4625818.6015426 0.0000000
315492210.0000000 457755.8256534 4619222.5542787 0.0000000
315492240.0000000 473134.8382629 4774602.7944753 2.0000000
315492330.0000000 457763.5833483 4620537.3140571 0.0000000
315492390.0000000 470252.1580948 4623980.6026407 0.0000000
315492420.0000000 462519.3491909 4771145.9182793 2.0000000
315492510.0000000 467635.2783021 4625745.0295054 0.0000000
315492570.0000000 446456.1732261 4771253.0280841 -1.0000000
315492630.0000000 459182.0457855 4638936.5934759 0.0000000
315492660.0000000 464051.3264029 4630583.1240116 0.0000000
315492690.0000000 464682.3321383 4754476.6111399 -1.0000000
315492690.0000000 445266.1145086 4617554.0189248 0.0000000
315492720.0000000 459134.3152393 4630609.5934140 0.0000000
315492750.0000000 446521.5573520 4779581.8767153 3.0000000
315492780.0000000 460372.7121749 4617454.5330115 0.0000000
315492870.0000000 443900.4746661 4773027.1084626 -1.0000000
315493080.0000000 459086.6550764 4622282.7016565 0.0000000
315493110.0000000 474202.0370554 4627471.3521560 0.0000000
315493170.0000000 452862.7336045 4624074.1058737 0.0000000
315493260.0000000 470244.8652043 4622227.5857058 0.0000000
315493290.0000000 469012.2062267 4640640.0921012 0.0000000
315493380.0000000 493869.8208856 4617347.5630204 0.0000000
315493410.0000000 476497.6225919 4627463.4286419 0.0000000
315493440.0000000 467589.6635103 4615665.2129529 0.0000000
315493620.0000000 461447.8803927 4634102.9101042 0.0000000
315493650.0000000 465371.0329229 4632329.6790692 0.0000000
315493680.0000000 452917.6750863 4632401.0318496 0.0000000
315493710.0000000 491547.3262309 4597190.7406573 0.0000000
315493740.0000000 475401.4326210 4594598.3040712 0.0000000
315493770.0000000 465322.1247552 4622249.7559742 0.0000000
315493800.0000000 468867.5055393 4607332.7100058 0.0000000
315493860.0000000 465307.2570255 4619181.9846114 0.0000000
315493890.0000000 468903.6004387 4615659.3926225 0.0000000
315493950.0000000 466681.9131670 4632323.4334912 0.0000000
315493980.0000000 452819.4160950 4617500.2939465 0.0000000
315494010.0000000 465411.5012503 4640656.6923582 0.0000000
315494040.0000000 462932.1254157 4604293.0881905 0.0000000
315494130.0000000 463052.0500422 4627520.3341778 0.0000000
315494160.0000000 459126.7852661 4629294.8133059 0.0000000
315494220.0000000 504036.1430345 4642326.7944539 -1.0000000
315494310.0000000 467627.3394215 4623992.0059236 0.0000000
315494340.0000000 472915.2415529 4634050.1032191 0.0000000
315494370.0000000 473770.1452857 4598986.4671838 0.0000000
315494400.0000000 467867.2054426 4604269.3528793 0.0000000
315494430.0000000 456533.2921917 4634131.1903611 0.0000000
315494610.0000000 475087.1290678 4598981.7938227 0.0000000
315494640.0000000 507641.1279571 4637508.8336473 -1.0000000
315494670.0000000 492911.2270287 4644082.2538602 0.0000000
315494730.0000000 465388.0649545 4635835.7769891 0.0000000
315494760.0000000 467702.8584460 4640645.9176293 0.0000000
315494790.0000000 461513.5427426 4646228.2872439 0.0000000
315494880.0000000 464018.2222757 4624009.2589216 0.0000000
315494940.0000000 484119.4965863 4662796.2754041 0.0000000
315494940.0000000 462774.4749486 4637163.7854276 0.0000000
315495030.0000000 488982.4201058 4642334.1871582 0.0000000
315495120.0000000 467957.4082680 4624428.7832229 0.0000000
315495150.0000000 482744.3975591 4634019.5264931 0.0000000
315495270.0000000 458230.7014862 4644201.5103427 0.0000000
315495300.0000000 453175.1393693 4671261.4489066 0.0000000
315495300.0000000 471604.6848860 4634055.2043904 0.0000000
315495330.0000000 448347.4012471 4679623.1937884 0.0000000
315495330.0000000 475196.5205708 4630535.6728722 0.0000000
315495390.0000000 445513.4758109 4649839.4505251 0.0000000
315495390.0000000 465290.2752644 4615675.9780686 0.0000000
315495540.0000000 458014.5222729 4662903.2227560 0.0000000
315495630.0000000 451724.9642289 4649794.4458022 0.0000000
315495660.0000000 446953.9183875 4667506.8437005 0.0000000
315495810.0000000 470266.7506923 4627486.6520682 0.0000000
315495840.0000000 471571.5320378 4625728.2849389 0.0000000
315495870.0000000 472845.4012872 4615643.3767560 0.0000000
315495930.0000000 476556.8495815 4645432.2188505 0.0000000
315496140.0000000 488953.9353791 4623927.2481467 0.0000000
315496170.0000000 482699.9028971 4615612.8203212 0.0000000
315496200.0000000 470182.9673779 4607327.1322622 0.0000000
315496440.0000000 490252.6228004 4613845.5777995 0.0000000
315496590.0000000 466651.2144857 4625749.5544652 0.0000000
315496620.0000000 488979.7032748 4640581.1217514 0.0000000
315496860.0000000 470244.8652043 4622227.5857058 0.0000000
315496920.0000000 475173.6799961 4623961.8189545 0.0000000
315496950.0000000 451713.0320156 4648041.3521645 0.0000000
315496950.0000000 473774.9312917 4600301.1817186 0.0000000
315496980.0000000 482764.5738276 4642346.5443591 0.0000000
315497040.0000000 466416.3006896 4645472.9363159 0.0000000
315497250.0000000 451413.9539839 4603923.3947706 0.0000000
315497400.0000000 470294.1362788 4634060.5465346 0.0000000
315497430.0000000 445513.4758109 4649839.4505251 0.0000000
315497430.0000000 468947.3659160 4625739.2070344 0.0000000
315497460.0000000 475260.6157504 4648942.8231333 0.0000000
315497490.0000000 468939.7488934 4623986.1838207 0.0000000
315497520.0000000 466868.9173678 4672206.4221390 -1.0000000
315497610.0000000 447906.1017716 4619287.4405777 0.0000000
315497670.0000000 445537.0542267 4652907.3813613 0.0000000
315497670.0000000 463976.3458356 4615682.4606987 0.0000000
315497700.0000000 445550.5333206 4654660.4907875 0.0000000
315497700.0000000 467589.6635103 4615665.2129529 0.0000000
315497730.0000000 484086.0327162 4647894.8960787 0.0000000
315497730.0000000 491578.7399669 4623923.6746481 0.0000000
315497760.0000000 465411.5012503 4640656.6923582 0.0000000
315497820.0000000 467992.7931275 4632317.4289095 0.0000000
315497850.0000000 457567.6149859 4587230.9107939 -1.0000000
315497880.0000000 457804.9883215 4627549.4084435 0.0000000
315497910.0000000 479091.6995032 4617375.4493102 0.0000000
315497940.0000000 459086.6550764 4622282.7016565 0.0000000
315498030.0000000 462584.8981282 4600788.8654368 0.0000000
315498060.0000000 466528.7780484 4599454.7114349 0.0000000
315498090.0000000 453076.2043123 4656359.8083128 0.0000000
315498090.0000000 482679.8221678 4607286.1522070 0.0000000
315498120.0000000 431703.0390110 4741574.0397244 -1.0000000
315498150.0000000 446969.3063498 4669552.1844841 0.0000000
315498150.0000000 465298.7648232 4617428.9794912 0.0000000
315498270.0000000 463270.4455825 4731251.4971868 4.0000000
315498330.0000000 440061.8290232 4737989.2904603 4.0000000
315498360.0000000 449759.4371536 4739665.2687847 4.0000000
315498360.0000000 451845.4865238 4667471.7455137 0.0000000
315498510.0000000 472833.7834450 4612575.6406583 0.0000000
315498540.0000000 439423.4229959 4664060.9604513 0.0000000
315498570.0000000 448827.0341014 4744494.1054311 4.0000000
315498630.0000000 445705.8414502 4674821.5975602 0.0000000
315498720.0000000 458954.0809744 4599055.6279488 0.0000000
315498750.0000000 433326.6991202 4674928.0168056 -1.0000000
315498750.0000000 467971.1631649 4627496.5784814 0.0000000
315498810.0000000 440046.5944152 4736235.9516507 -1.0000000
315498870.0000000 456203.2107230 4737867.9076678 4.0000000
315498870.0000000 468529.4734089 4750658.8309778 -1.0000000
315498900.0000000 452295.9736641 4733071.9346545 4.0000000
315498900.0000000 471597.7012701 4632302.1589803 0.0000000
315498930.0000000 471564.5587252 4623975.2624156 0.0000000
315499140.0000000 454748.9223164 4712891.6682343 -1.0000000
315499200.0000000 451630.6018218 4635915.9156962 0.0000000
315499230.0000000 451606.7994941 4632409.8079051 0.0000000
315499410.0000000 480179.6136180 4654186.6947123 0.0000000
315499440.0000000 482805.0153922 4659000.9071553 0.0000000
315499470.0000000 465258.4630366 4609102.2688780 0.0000000
315499530.0000000 472871.9801889 4622655.4006989 0.0000000
315499710.0000000 462530.3096374 4590271.2008189 0.0000000
315499770.0000000 496506.0513623 4635752.5393019 0.0000000
315499830.0000000 486719.5687968 4657239.3535204 0.0000000
315499890.0000000 474130.9205136 4607750.0872760 0.0000000
315499920.0000000 465281.7883604 4613922.9825636 0.0000000
315500010.0000000 465411.5012503 4640656.6923582 0.0000000
315500040.0000000 487715.0336063 4666295.3736755 0.0000000
315500070.0000000 477855.7394951 4642360.1421143 0.0000000
315500130.0000000 490289.0399258 4640579.2134303 0.0000000
315500160.0000000 480025.8058603 4598966.4124181 0.0000000
315500190.0000000 500109.8492056 4592365.2145527 0.0000000
315500220.0000000 482608.1989448 4577486.3373326 0.0000000
315500310.0000000 465411.5012503 4640656.6923582 0.0000000
315500340.0000000 467021.2609365 4704494.4769796 -1.0000000
315500340.0000000 471465.4251576 4598995.2247290 0.0000000
315500370.0000000 474268.6373763 4645878.4160150 0.0000000
315500400.0000000 473939.9323707 4645441.3402596 0.0000000
315500640.0000000 485287.4690063 4595886.0845646 0.0000000
315500670.0000000 444257.5445076 4656423.7763556 0.0000000
315500670.0000000 461864.9783036 4650755.3366371 0.0000000
315500700.0000000 477985.9246039 4683996.8855053 -1.0000000
315500790.0000000 490221.1221525 4590618.9040971 0.0000000
315500940.0000000 471505.3732847 4609074.7720969 0.0000000
315500970.0000000 481581.8593760 4690561.0375968 -1.0000000
315501000.0000000 467012.9669250 4702741.2378229 -1.0000000
315501030.0000000 475402.7678871 4689557.3085490 -1.0000000
315501030.0000000 500109.6422964 4605950.5581490 0.0000000
315501090.0000000 481472.7119873 4648923.8774634 0.0000000
315501150.0000000 489000.0999932 4653729.2257342 0.0000000
315501180.0000000 484036.3279070 4625689.5658844 0.0000000
315501360.0000000 461419.4440988 4628843.7816697 0.0000000
315501390.0000000 471597.7012701 4632302.1589803 0.0000000
315501450.0000000 485403.3583657 4652420.8960999 0.0000000
315501480.0000000 487682.5223813 4647595.5600719 0.0000000
315501510.0000000 463040.7036156 4687858.3907121 -1.0000000
315501600.0000000 481433.8423421 4634022.8201367 0.0000000
315501660.0000000 492528.4991274 4590616.1496453 0.0000000
315501810.0000000 468875.1000149 4609085.6874994 0.0000000
315501960.0000000 495173.4290039 4602446.2522512 0.0000000
315501990.0000000 487615.8061853 4609028.9311615 0.0000000
315502050.0000000 477913.1777413 4660767.6290585 0.0000000
315502080.0000000 475150.8660752 4617388.0339485 0.0000000
315502230.0000000 470210.2549932 4613900.8190769 0.0000000
315502260.0000000 454391.1500477 4657666.1020503 0.0000000
315502260.0000000 470336.1894331 4644140.6485987 0.0000000
315502320.0000000 463875.2178385 4595523.2937083 0.0000000
315502380.0000000 455332.3745019 4599077.1674109 0.0000000
315502410.0000000 446641.8638422 4625870.9573569 0.0000000
315502440.0000000 440166.0099017 4636002.9980741 -1.0000000
315502620.0000000 473837.2517342 4617392.7105565 0.0000000
315502650.0000000 470286.8303340 4632307.5007946 0.0000000
315502680.0000000 453009.4243770 4646279.4819333 0.0000000
315502680.0000000 470266.7506923 4627486.6520682 0.0000000
315502710.0000000 464027.0462707 4625762.2835940 0.0000000
315502740.0000000 468882.6968616 4610838.6686940 0.0000000
315502770.0000000 471712.6229095 4661081.9200583 0.0000000
315502770.0000000 477669.6793612 4582320.3682290 0.0000000
315502860.0000000 457766.1696431 4620975.5668058 0.0000000
315503010.0000000 465258.4630366 4609102.2688780 0.0000000
315503040.0000000 459059.0945532 4617461.9193670 0.0000000
315504930.0000000 501428.0313263 4592365.3549169 0.0000000
315505110.0000000 483995.2734217 4607283.1025591 0.0000000
315505140.0000000 484006.0127838 4612103.7921459 0.0000000
315505230.0000000 500109.3946824 4622165.7029099 0.0000000
315505320.0000000 474219.4590325 4632292.1982595 0.0000000
315505500.0000000 485352.0079909 4627439.7786913 0.0000000
315505590.0000000 493894.5078006 4646126.5954788 0.0000000
315505590.0000000 500109.6222462 4607265.2836432 0.0000000
315505620.0000000 504048.3138697 4620852.0896919 0.0000000
315505740.0000000 488962.0643960 4629186.3188860 0.0000000
315505770.0000000 485297.3056220 4600706.6873745 0.0000000
315505890.0000000 487633.1993060 4619108.6194356 0.0000000
315505950.0000000 488964.0978362 4630501.0939218 0.0000000
315505980.0000000 490239.5311784 4604204.2137537 0.0000000
315506010.0000000 482494.4632283 4665429.8244205 0.0000000
315506010.0000000 471491.4701226 4605568.8244781 0.0000000
315506070.0000000 487569.8280800 4582296.6160678 0.0000000
315506100.0000000 468867.5055393 4607332.7100058 0.0000000
315506160.0000000 495204.7059665 4648901.3025171 0.0000000
315506250.0000000 501413.4640366 4665554.3467854 -1.0000000
315506280.0000000 475150.8660752 4617388.0339485 0.0000000
315506310.0000000 475075.0124418 4595475.9044946 0.0000000
315506340.0000000 495173.4290039 4602446.2522512 0.0000000
315506430.0000000 496495.3233382 4613839.8106304 0.0000000
315506460.0000000 505031.8056280 4622605.7250831 0.0000000
315506520.0000000 485390.4243704 4646139.0019861 0.0000000
315506550.0000000 493869.8208856 4617347.5630204 0.0000000
315506580.0000000 497810.6491893 4617345.2749244 0.0000000
315506610.0000000 492891.5820763 4624360.5035998 0.0000000
315506640.0000000 488920.8207118 4602453.1603471 0.0000000
315506700.0000000 501421.7740064 4623918.8564446 0.0000000
315506730.0000000 495182.2547957 4615593.5633759 0.0000000
315506760.0000000 493861.2039951 4607267.9044341 0.0000000
315506820.0000000 448816.0675494 4608762.3429227 0.0000000
315506910.0000000 459134.3152393 4630609.5934140 0.0000000
315506940.0000000 462724.1062454 4627522.0383832 0.0000000
315506970.0000000 471590.7198267 4630549.1194994 0.0000000
315507000.0000000 470279.5266621 4630554.4609822 0.0000000
315507030.0000000 465298.7648232 4617428.9794912 0.0000000
315507150.0000000 456522.6016884 4632378.1402590 0.0000000
315507210.0000000 497805.1671402 4599377.3015618 0.0000000
315507240.0000000 470266.7506923 4627486.6520682 0.0000000
315507270.0000000 474225.7979904 4634045.2430543 0.0000000
315507630.0000000 457637.1016997 4599063.2498349 0.0000000
315507660.0000000 451313.4707759 4589023.3115809 0.0000000
315507690.0000000 460263.8207112 4597733.5328599 0.0000000
315507750.0000000 481429.2761689 4632269.7767266 0.0000000
315507900.0000000 456624.2953168 4649032.3032422 0.0000000
315507930.0000000 460501.4530004 4640682.2670424 0.0000000
315507960.0000000 459144.3579266 4632362.6366481 0.0000000
315508020.0000000 460382.4099557 4619207.5397765 0.0000000
315508050.0000000 453965.0828437 4591197.1938088 0.0000000
315508140.0000000 460409.0944482 4624028.3339658 0.0000000
315508170.0000000 459011.5456842 4609135.1985460 0.0000000
315508200.0000000 460372.7121749 4617454.5330115 0.0000000
315508230.0000000 459029.0554809 4612202.9253208 0.0000000
315508350.0000000 468954.9853041 4627492.2339522 0.0000000
315508380.0000000 466659.3973007 4627502.5820339 0.0000000
315508410.0000000 459297.8949416 4659097.1479016 -1.0000000
315508440.0000000 452854.0660562 4622759.3385471 0.0000000
315508560.0000000 462609.9522166 4605609.5187788 0.0000000
315508590.0000000 470252.1580948 4623980.6026407 0.0000000
315508680.0000000 488941.0799578 4615600.4748919 0.0000000
315508710.0000000 471545.3933181 4619154.4775356 0.0000000
315508740.0000000 467910.3055120 4613910.7405719 0.0000000
315508770.0000000 448747.4347990 4599120.9939126 0.0000000
315508800.0000000 463967.5376481 4613929.4647725 0.0000000
315509340.0000000 476491.8544349 4625710.4035362 0.0000000
315509910.0000000 478990.9724722 4582754.6456829 0.0000000
315509940.0000000 490241.3150738 4605518.9370662 0.0000000
315509970.0000000 488928.2435829 4607273.8106224 0.0000000
315510090.0000000 465106.2839960 4577549.4014846 -1.0000000
315510210.0000000 468888.3960589 4612153.4085802 0.0000000
315510240.0000000 468903.6004387 4615659.3926225 0.0000000
315510360.0000000 461546.0363884 4591152.8623672 0.0000000
315510600.0000000 467552.0434172 4607338.5285240 0.0000000
315510630.0000000 475064.4166335 4592408.2663025 0.0000000
315510990.0000000 459001.5443840 4607382.2177781 0.0000000
315511020.0000000 461221.1332453 4592031.0915702 0.0000000
315511260.0000000 457549.6239869 4584163.3026370 0.0000000
315512010.0000000 481412.1656566 4625695.9102727 0.0000000
315512130.0000000 495179.0162683 4610772.8512606 0.0000000
315512340.0000000 457637.1016997 4599063.2498349 0.0000000
315512520.0000000 474100.9685248 4599423.5141281 0.0000000
315512550.0000000 481359.8179104 4605536.4739424 0.0000000
315512580.0000000 481390.5209854 4617369.1093293 0.0000000
315512610.0000000 475167.5936778 4622208.8032129 0.0000000
315512640.0000000 463910.3514850 4602535.1055871 0.0000000
315512790.0000000 482615.5542381 4580553.9011470 0.0000000
315512820.0000000 475115.9365383 4607308.3601420 0.0000000
315512850.0000000 499123.0303607 4607265.3363097 0.0000000
315512880.0000000 476442.8975831 4610809.8809520 0.0000000
315512910.0000000 476442.8975831 4610809.8809520 0.0000000
315513030.0000000 477737.3536913 4604232.0386928 0.0000000
315513120.0000000 495169.9044875 4597187.4038810 0.0000000
315513180.0000000 471564.5587252 4623975.2624156 0.0000000
315513300.0000000 495175.4865032 4605513.9340594 0.0000000
315513360.0000000 485354.7049893 4628754.5504074 0.0000000
315513390.0000000 512617.9834656 4600702.7333417 0.0000000
315513420.0000000 488915.4262759 4598947.2553022 0.0000000
315513450.0000000 495182.2547957 4615593.5633759 0.0000000
315513480.0000000 495172.2537968 4600693.2983351 0.0000000
315513510.0000000 492547.5635782 4609022.1216615 0.0000000
315513630.0000000 488956.6442096 4625680.2676342 0.0000000
315513720.0000000 513957.5139132 4588872.8392609 0.0000000
315513930.0000000 457773.9297559 4622290.3301813 0.0000000
315513960.0000000 459079.1362237 4620967.9386459 0.0000000
315514050.0000000 454121.8141550 4615738.7579460 0.0000000
315514110.0000000 464044.7024869 4629268.3451407 0.0000000
315514230.0000000 455539.4416845 4632384.2026550 0.0000000
315514320.0000000 463993.9704646 4619188.4680781 0.0000000
315514350.0000000 454166.7207005 4622750.8063902 0.0000000
315514380.0000000 483984.5433007 4602462.4505788 0.0000000
315514410.0000000 481368.9083647 4609042.4172713 0.0000000
315514440.0000000 487564.5660010 4579229.0450840 0.0000000
315514470.0000000 434084.1961184 4615895.0119865 -1.0000000
315514500.0000000 462594.0062062 4602541.8257848 0.0000000
315514530.0000000 470286.8303340 4632307.5007946 0.0000000
315514560.0000000 465379.5476200 4634082.7261789 0.0000000
315514590.0000000 474195.7054840 4625718.3265519 0.0000000
315514650.0000000 491553.4941442 4602449.5897044 0.0000000
315514680.0000000 491545.2715503 4595437.8010012 0.0000000
315514710.0000000 493861.2039951 4607267.9044341 0.0000000
315514800.0000000 468975.9508429 4632313.0836355 0.0000000
315514830.0000000 466667.5826608 4629255.6144142 0.0000000
315514860.0000000 452600.7199578 4584194.0106641 0.0000000
315514950.0000000 456594.8269260 4644211.3170916 0.0000000
315514980.0000000 471564.5587252 4623975.2624156 0.0000000
315515010.0000000 445486.5446470 4646333.2616047 -1.0000000
315515040.0000000 476507.7211863 4630531.2350161 0.0000000
315515100.0000000 474189.3758784 4623965.3046581 0.0000000
315515130.0000000 468895.9970617 4613906.3981952 0.0000000
315515250.0000000 496492.1130762 4607266.1388502 0.0000000
315515280.0000000 466729.0539418 4642403.5145521 0.0000000
315515340.0000000 484086.0327162 4647894.8960787 0.0000000
315515550.0000000 479130.1135215 4630523.0822508 0.0000000
315515670.0000000 473800.4756561 4607313.0349914 0.0000000
315515700.0000000 459134.3152393 4630609.5934140 0.0000000
315515970.0000000 492526.6867425 4588863.2281664 0.0000000
315516000.0000000 475068.9569784 4593722.9659445 0.0000000
315516030.0000000 482679.8221678 4607286.1522070 0.0000000
315516060.0000000 497809.5781410 4613839.2888503 0.0000000
315516090.0000000 500109.3142216 4627424.7575339 0.0000000
315516210.0000000 497813.1956073 4625672.0686434 0.0000000
315516510.0000000 483991.3704909 4605530.1342831 0.0000000
315516540.0000000 481390.5209854 4617369.1093293 0.0000000
315516570.0000000 508963.6920014 4627430.3819863 0.0000000
315516660.0000000 481304.2631666 4584062.9940504 0.0000000
315516930.0000000 468875.1000149 4609085.6874994 0.0000000
315516960.0000000 481364.3624249 4607289.4426397 0.0000000
315516990.0000000 475105.3182708 4604240.6650509 0.0000000
315517170.0000000 476388.3348556 4594156.7682941 0.0000000
315517350.0000000 488910.7089208 4595879.6043659 0.0000000
315517380.0000000 482735.9111771 4630513.4460199 0.0000000
315517410.0000000 477783.5239457 4619132.4052686 0.0000000
315517440.0000000 475167.5936778 4622208.8032129 0.0000000
315517470.0000000 482688.2735787 4610792.1047500 0.0000000
315517500.0000000 480048.9025123 4607292.9738392 0.0000000
315517650.0000000 470582.0639787 4702725.2694119 5.0000000
315518010.0000000 490246.0741749 4609024.8780694 0.0000000
315518040.0000000 520193.6926793 4598967.0241684 0.0000000
315518070.0000000 505043.8114683 4605514.0845267 0.0000000
315518100.0000000 487601.4615260 4600702.3522273 0.0000000
315518130.0000000 479337.3630952 4700940.5864114 5.0000000
315518130.0000000 504061.6729080 4597186.9300660 0.0000000
315518160.0000000 507687.5194969 4594122.2388098 0.0000000
315518190.0000000 518833.0222099 4615616.6837740 0.0000000
315518250.0000000 491580.8051139 4625676.6939097 0.0000000
315518280.0000000 492558.0302198 4619101.8073856 0.0000000
315518310.0000000 470534.0408628 4691329.3349381 5.0000000
315518310.0000000 470608.5788535 4709007.7310044 -1.0000000
315518340.0000000 479367.2404673 4711021.7382827 -1.0000000
315518340.0000000 486332.4746126 4625684.8050789 0.0000000
315518370.0000000 496551.4898931 4727648.1505860 -1.0000000
315518370.0000000 482643.9627026 4592386.0711264 0.0000000
315518400.0000000 486715.1818930 4654901.8800490 0.0000000
315518400.0000000 476519.2691625 4634037.3176924 0.0000000
315518640.0000000 473262.2095602 4724630.6288297 -1.0000000
315518700.0000000 469241.7757624 4693088.1357267 5.0000000
315518700.0000000 504064.3872724 4592366.3575131 0.0000000
315518730.0000000 469194.2825361 4682276.7653376 5.0000000
315518760.0000000 473003.6985620 4657278.3959625 0.0000000
315518790.0000000 487615.8061853 4609028.9311615 0.0000000
315518820.0000000 475122.0067337 4609061.3360250 0.0000000
315518850.0000000 475122.0067337 4609061.3360250 0.0000000
315518880.0000000 490268.7205490 4625678.3603148 0.0000000
315518940.0000000 476398.3736746 4597224.4143840 0.0000000
315518970.0000000 489076.4355821 4702671.7793922 -1.0000000
315519030.0000000 477882.6120079 4650979.4549495 0.0000000
315519060.0000000 477907.6994162 4659014.5124943 0.0000000
315519090.0000000 471674.0562939 4651439.8245067 0.0000000
315519090.0000000 481378.0045046 4612548.3787875 0.0000000
315519120.0000000 483991.3704909 4605530.1342831 0.0000000
315519240.0000000 488998.0581935 4652414.4026497 0.0000000
315519270.0000000 502745.5383763 4594118.6668054 0.0000000
315519300.0000000 479081.4709192 4613869.4593233 0.0000000
315519540.0000000 506371.2040657 4592368.0243329 0.0000000
315519570.0000000 502750.7000951 4580533.5755239 0.0000000
315519630.0000000 477809.3783521 4627459.2322450 0.0000000
315519660.0000000 476464.4801958 4617383.5982013 0.0000000
315519720.0000000 490259.7731730 4619104.5648258 0.0000000
315519780.0000000 500109.6222462 4607265.2836432 0.0000000
315519810.0000000 496484.8504284 4592366.0692683 0.0000000
315519840.0000000 505036.7355233 4615593.7139000 0.0000000
315519870.0000000 463934.5314361 4607355.7708994 0.0000000
315519900.0000000 472466.5673872 4602497.2922378 0.0000000
315519930.0000000 440365.5839397 4620661.1292874 -1.0000000
315519990.0000000 460290.4032153 4602554.1653905 0.0000000
315520020.0000000 457637.1016997 4599063.2498349 0.0000000
315520050.0000000 476535.1593337 4638858.2121896 0.0000000
315520110.0000000 476448.6504733 4612562.8650717 0.0000000
315520170.0000000 470239.3970235 4620912.8253321 0.0000000
315520200.0000000 458991.5462194 4605629.2429162 0.0000000
315520230.0000000 459096.6829396 4624035.7220925 0.0000000
315520260.0000000 500109.4415831 4619097.9409535 0.0000000
315520350.0000000 497810.1135814 4615592.2789158 0.0000000
315520410.0000000 455066.1217145 4609158.7954957 0.0000000
315520440.0000000 474135.6538507 4609064.8198127 0.0000000
315520470.0000000 473830.8511469 4615639.7114796 0.0000000
315520530.0000000 470190.2409495 4609080.1093869 0.0000000
315520590.0000000 468890.2960834 4612591.6547001 0.0000000
315520620.0000000 466573.6047757 4609096.0285894 0.0000000
315520650.0000000 434100.3191225 4617648.0275715 -1.0000000
315520710.0000000 459229.8466354 4647263.7018755 -1.0000000
315520800.0000000 497814.6715709 4630492.8935182 0.0000000
315520830.0000000 492563.0426458 4623922.5830238 0.0000000
315520890.0000000 477829.8167262 4634033.1203168 0.0000000
315520920.0000000 488989.8957239 4647155.1397390 0.0000000
315520950.0000000 470306.9271338 4637128.3870617 0.0000000
315521010.0000000 501425.4283928 4605512.4569870 0.0000000
315521040.0000000 457755.8256534 4619222.5542787 0.0000000
315521100.0000000 450076.5747474 4600864.7089548 0.0000000
315521460.0000000 524198.5084513 5182841.8256337 6.0000000
315521730.0000000 471793.4731961 4681243.1360835 5.0000000
315521760.0000000 470519.2836355 4687822.9343386 5.0000000
315521790.0000000 464298.9788475 4679524.0204000 5.0000000
315521820.0000000 481564.5727243 4683986.5685103 -1.0000000
315521850.0000000 476719.1109533 4694374.1772491 5.0000000
315521850.0000000 480236.1403898 4674347.6747129 -1.0000000
315521940.0000000 500109.5955054 4609018.2566766 0.0000000
315522030.0000000 447066.1568147 4682408.7627469 -1.0000000
315522090.0000000 481390.5209854 4617369.1093293 0.0000000
315522120.0000000 511609.2338264 4613848.3497529 0.0000000
315522150.0000000 529913.0474069 5184622.2111174 6.0000000
315522150.0000000 482740.1537080 4632266.4832865 0.0000000
315522180.0000000 534432.6297571 5184207.8125519 6.0000000
315522180.0000000 487641.5287906 4623929.3962692 0.0000000
315522210.0000000 476425.6496994 4605550.9564031 0.0000000
315522270.0000000 535616.4061844 5187723.9908688 6.0000000
315522270.0000000 490011.7649347 4675934.0734360 -1.0000000
315522300.0000000 493852.6025978 4597188.4066689 0.0000000
315522330.0000000 531179.0162134 5172785.1261386 -1.0000000
315522360.0000000 524212.6621596 5179332.7084231 6.0000000
315522360.0000000 483935.8866241 4580550.8546902 0.0000000
315522390.0000000 495177.8393121 4609019.8743992 0.0000000
315522390.0000000 496476.7562923 4575713.4623392 0.0000000
315522420.0000000 483991.3704909 4605530.1342831 0.0000000
315522450.0000000 487604.4796799 4602455.3067528 0.0000000
315522510.0000000 479224.8211522 4662808.9777680 0.0000000
315522540.0000000 481342.7886505 4598962.8823428 0.0000000
315522570.0000000 496815.7516905 4595433.5494748 0.0000000
315522600.0000000 490227.6492615 4595439.4655180 0.0000000
315522630.0000000 482639.7502288 4590633.1425365 0.0000000
315522660.0000000 516583.0734965 4594137.1961189 0.0000000
315522690.0000000 488915.4262759 4598947.2553022 0.0000000
315522720.0000000 488912.7303278 4597194.3105757 0.0000000
315522780.0000000 487679.9869431 4646134.6597018 0.0000000
315522780.0000000 482704.1342186 4617365.8176586 0.0000000
315522840.0000000 485338.5324406 4620865.9630869 0.0000000
315522900.0000000 500109.3946824 4622165.7029099 0.0000000
315522960.0000000 479038.0707315 4598969.2179219 0.0000000
315522990.0000000 475109.8682461 4605555.3901876 0.0000000
315523050.0000000 505377.6668361 4598940.7367475 0.0000000
315523110.0000000 504997.5392452 4671107.5830069 -1.0000000
315523140.0000000 495219.5485850 4670815.2411203 -1.0000000
315523170.0000000 487702.3211931 4658990.6937774 0.0000000
315523200.0000000 490252.6228004 4613845.5777995 0.0000000
315523230.0000000 495180.1935925 4612525.8329536 0.0000000
315523260.0000000 483995.2734217 4607283.1025591 0.0000000
315523290.0000000 492889.4035400 4622169.2360323 0.0000000
315523320.0000000 491584.4206662 4628744.4881377 0.0000000
315523350.0000000 463943.3293119 4609108.7499182 0.0000000
315523380.0000000 472777.4443109 4597675.4192499 0.0000000
315523440.0000000 491604.0822575 4645398.4859532 0.0000000
315523470.0000000 483972.8482576 4597203.5989233 0.0000000
315523530.0000000 501419.7677222 4633998.7781471 0.0000000
315523650.0000000 521579.8549504 4575744.6825004 0.0000000
315523710.0000000 508978.5282445 4615597.5672869 0.0000000
315523740.0000000 505376.3584910 4600693.6869705 0.0000000
315523770.0000000 454057.3591791 4605659.0737757 0.0000000
315523830.0000000 480216.4562425 4667335.0880578 0.0000000
315523860.0000000 501422.7322653 4619098.0814603 0.0000000
315523890.0000000 505371.4485455 4607267.2899917 0.0000000
315524010.0000000 502749.3692447 4584039.3780988 0.0000000
315524040.0000000 488993.7492810 4649638.6750720 0.0000000
315524070.0000000 515304.0765761 4575728.7392442 0.0000000
315524100.0000000 495193.4638236 4632247.2147428 0.0000000
315524190.0000000 510296.8655580 4612531.6023481 0.0000000
315524280.0000000 502741.7005794 4604198.1151586 0.0000000
315524310.0000000 508925.2669503 4657962.9822812 -1.0000000
315524310.0000000 486635.1661396 4612098.4141320 0.0000000
315524340.0000000 496494.4669006 4612086.8253633 0.0000000
315524370.0000000 500109.8225359 4594118.1454202 0.0000000
315524400.0000000 495165.5035079 4590613.9039780 0.0000000
315524430.0000000 493842.8979604 4585794.3834599 0.0000000
315524460.0000000 495166.6765957 4592366.8312388 0.0000000
315524490.0000000 499121.8015921 4597185.8395364 0.0000000
315524520.0000000 488915.4262759 4598947.2553022 0.0000000
315524700.0000000 493900.1645867 4652700.6695872 0.0000000
315524700.0000000 486601.7569527 4594130.5810030 0.0000000
315524730.0000000 493517.7669155 4591053.4261219 0.0000000
315524760.0000000 491870.7318008 4591931.5565839 0.0000000
315524820.0000000 490241.3150738 4605518.9370662 0.0000000
315524850.0000000 487609.7637273 4605522.9896209 0.0000000
315524880.0000000 501429.3304947 4585791.9051851 0.0000000
315524910.0000000 496483.9972726 4590613.1420601 0.0000000
315524940.0000000 511660.1632149 4582295.3357645 0.0000000
315524970.0000000 522827.6505551 4598974.8865967 0.0000000
315525000.0000000 475150.8660752 4617388.0339485 0.0000000
315525030.0000000 477761.7814915 4612120.4253788 0.0000000
315525090.0000000 499124.2077757 4616906.7444790 0.0000000
315525120.0000000 505377.6668361 4598940.7367475 0.0000000
315525270.0000000 491543.7309624 4594123.0985946 0.0000000
315525300.0000000 496488.0521503 4598939.5859725 0.0000000
315525360.0000000 491539.6245045 4590617.2398952 0.0000000
315525390.0000000 488892.5377011 4584047.3761825 0.0000000
315525450.0000000 488979.7032748 4640581.1217514 0.0000000
315525480.0000000 497810.1135814 4615592.2789158 0.0000000
315525630.0000000 488969.5226583 4634007.1728653 0.0000000
315525660.0000000 496498.7517638 4620851.8011358 0.0000000
315525720.0000000 491537.5722447 4588864.3183407 0.0000000
315525750.0000000 491539.6245045 4590617.2398952 0.0000000
315525780.0000000 493845.5087956 4588861.9851150 0.0000000
315525810.0000000 488905.3208334 4592373.7366326 0.0000000
315525870.0000000 509017.9387584 4584044.4721142 0.0000000
315525930.0000000 502746.8716388 4590612.8087169 0.0000000
315525990.0000000 501423.7767020 4613839.0956921 0.0000000
315526020.0000000 500109.7491511 4598938.7310378 0.0000000
315526080.0000000 498791.3738135 4590612.3876565 0.0000000
315526110.0000000 496483.1443856 4588860.2207899 0.0000000
315526170.0000000 501425.0808724 4607265.4240881 0.0000000
315526260.0000000 492571.7105837 4632249.4639103 0.0000000
315526320.0000000 501425.0808724 4607265.4240881 0.0000000
315526350.0000000 512956.6001381 4595444.4816263 0.0000000
315526410.0000000 501425.0808724 4607265.4240881 0.0000000
315526440.0000000 510297.4944300 4612093.3572101 0.0000000
315526470.0000000 500109.4951526 4615591.9452564 0.0000000
315526470.0000000 483939.7721151 4582303.7542337 0.0000000
315526560.0000000 500109.8225359 4594118.1454202 0.0000000
315526590.0000000 495161.1077181 4584040.4730732 0.0000000
315526650.0000000 495159.9363838 4582287.5687403 0.0000000
315526680.0000000 493839.9159109 4582288.5709369 0.0000000
315526740.0000000 493848.4943688 4592367.8338378 0.0000000
315526770.0000000 492532.1256090 4594122.0081944 0.0000000
315526800.0000000 497806.1018550 4602444.9684268 0.0000000
315526830.0000000 507675.3705766 4605516.4117404 0.0000000
315526920.0000000 488881.7877921 4577035.7880649 0.0000000
315526950.0000000 488905.3208334 4592373.7366326 0.0000000
315527040.0000000 490268.7205490 4625678.3603148 0.0000000
315527070.0000000 471505.3732847 4609074.7720969 0.0000000
315527250.0000000 488946.4904470 4619106.4716900 0.0000000
315527280.0000000 512629.4932894 4594129.1948171 0.0000000
315527310.0000000 517578.9353647 4591071.9055879 0.0000000
315527520.0000000 471498.4206137 4607321.7953253 0.0000000
315527550.0000000 490223.4949943 4592371.8317033 0.0000000
315527760.0000000 465330.6242384 4624002.7743174 0.0000000
315527910.0000000 504060.6852852 4598939.8742912 0.0000000
315527970.0000000 479013.8680202 4590642.7643696 0.0000000
315528030.0000000 488951.2273935 4622174.2346013 0.0000000
315528060.0000000 488908.0144538 4594126.6680861 0.0000000
315528090.0000000 488908.0144538 4594126.6680861 0.0000000
315528120.0000000 491539.6245045 4590617.2398952 0.0000000
315528210.0000000 466222.1737027 4604276.8885068 0.0000000
315528240.0000000 468859.9134447 4605579.7384333 0.0000000
315528270.0000000 483991.3704909 4605530.1342831 0.0000000
315528360.0000000 520286.7463956 4565661.8651016 0.0000000
315528540.0000000 479702.7329195 4601158.5233307 0.0000000
315528570.0000000 500109.8225359 4594118.1454202 0.0000000
315528630.0000000 491214.2632884 4594123.4921448 0.0000000
315528870.0000000 513973.5776572 4580546.5229924 0.0000000
315528900.0000000 482639.7502288 4590633.1425365 0.0000000
315528930.0000000 487581.1137460 4588870.0323617 0.0000000
315528960.0000000 487575.8454425 4585802.4297235 0.0000000
315528990.0000000 487569.8280800 4582296.6160678 0.0000000
315529020.0000000 495166.6765957 4592366.8312388 0.0000000
315529080.0000000 490216.9714768 4587551.2935088 0.0000000
315529110.0000000 491529.8820218 4582290.9035491 0.0000000
315529140.0000000 501428.3779213 4590612.4277580 0.0000000
315529170.0000000 487575.8454425 4585802.4297235 0.0000000
315529200.0000000 491541.6774113 4592370.1673866 0.0000000
315529230.0000000 496484.8504284 4592366.0692683 0.0000000
315529260.0000000 500109.8492056 4592365.2145527 0.0000000
315529290.0000000 496479.9484497 4582286.8070757 0.0000000
315529320.0000000 495167.8500517 4594119.7622175 0.0000000
315529350.0000000 495166.6765957 4592366.8312388 0.0000000
315529410.0000000 525190.3622880 4582329.7488577 -1.0000000
315529440.0000000 501431.6651309 4573959.8671585 0.0000000
315529470.0000000 495158.7654197 4580534.6703435 0.0000000
315529500.0000000 493847.0013469 4590614.9065077 0.0000000
315529560.0000000 488899.9361315 4588867.8870925 0.0000000
315529590.0000000 488879.7736963 4575721.1245779 0.0000000
315529620.0000000 502745.0381866 4595433.3689843 0.0000000
315529650.0000000 500109.9025198 4588859.3661926 0.0000000
315529680.0000000 490216.3787110 4587113.0655828 0.0000000
315529710.0000000 507379.9020853 4572648.8169380 0.0000000
315529740.0000000 504064.3872724 4592366.3575131 0.0000000
315529770.0000000 484032.4121609 4623936.5458090 0.0000000
315529800.0000000 480024.5911990 4598528.1751817 0.0000000
315529860.0000000 495171.0789575 4598940.3481383 0.0000000
315529890.0000000 491553.4941442 4602449.5897044 0.0000000
315529920.0000000 487615.8061853 4609028.9311615 0.0000000
315529950.0000000 487601.4615260 4600702.3522273 0.0000000
315529980.0000000 495176.6627232 4607266.9012588 0.0000000
315530010.0000000 495176.6627232 4607266.9012588 0.0000000
315530040.0000000 491568.9393041 4615596.9024814 0.0000000
315530100.0000000 483995.2734217 4607283.1025591 0.0000000
315530130.0000000 485310.7328611 4607280.2936567 0.0000000
315530190.0000000 483958.2449357 4590630.0948513 0.0000000
315530220.0000000 486583.0622396 4584051.2875360 0.0000000
315530250.0000000 515297.6078314 4578796.2940347 0.0000000
315530280.0000000 506387.4164031 4573962.5345980 0.0000000
315530310.0000000 495152.3317221 4570893.8126327 0.0000000
315530340.0000000 497797.4421172 4573960.0600153 0.0000000
315530400.0000000 492843.4185406 4575716.1349779 0.0000000
315530430.0000000 497797.4421172 4573960.0600153 0.0000000
315530460.0000000 529250.7110745 4557366.1897960 -1.0000000
315530520.0000000 529183.9027387 4574018.3558691 -1.0000000
315530640.0000000 483873.8856907 4552505.1106909 -1.0000000
315530790.0000000 507653.8157201 4625675.8331052 -1.0000000
315530820.0000000 502730.3136163 4633999.1597233 0.0000000
315530910.0000000 513995.5206240 4569152.7926979 0.0000000
315530940.0000000 496476.7562923 4575713.4623392 0.0000000
315531030.0000000 486613.1529010 4600265.8816968 0.0000000
315531060.0000000 490257.3889722 4617351.5646892 0.0000000
315531090.0000000 486641.6975087 4615604.3910086 0.0000000
315531120.0000000 485310.7328611 4607280.2936567 0.0000000
315531150.0000000 483969.9262155 4595888.8922384 0.0000000
315531210.0000000 482607.1485200 4577048.1149768 0.0000000
315531240.0000000 491557.6093107 4605955.5135833 0.0000000
315531270.0000000 490237.1533046 4602451.2546724 0.0000000
315531300.0000000 488915.4262759 4598947.2553022 0.0000000
315531390.0000000 491543.7309624 4594123.0985946 0.0000000
315531450.0000000 483995.2734217 4607283.1025591 0.0000000
315531480.0000000 471354.6444266 4570948.6275926 0.0000000
315531540.0000000 476355.3890389 4584077.4643642 0.0000000
315531570.0000000 482655.5538299 4597206.6473932 0.0000000
315531600.0000000 485314.3161235 4609033.2676831 0.0000000
315531630.0000000 482695.6728990 4613859.8289206 0.0000000
315531660.0000000 507666.4768639 4613843.0516834 0.0000000
315531690.0000000 509015.7551275 4585797.3804440 0.0000000
315531750.0000000 491234.5655405 4610776.5835682 0.0000000
315531780.0000000 496492.9687783 4609019.1119402 0.0000000
315531960.0000000 491559.1531619 4607270.2393244 0.0000000
315531990.0000000 490246.0741749 4609024.8780694 0.0000000
315532050.0000000 495185.7909066 4620852.5639292 0.0000000
315532080.0000000 493876.9508562 4625674.3574329 0.0000000
315532110.0000000 482744.3975591 4634019.5264931 0.0000000
315532140.0000000 491573.0641305 4619102.8988184 0.0000000
315532170.0000000 486685.6174813 4639124.1581326 0.0000000
315532200.0000000 482655.5538299 4597206.6473932 0.0000000
315532260.0000000 493847.0013469 4590614.9065077 0.0000000
315532350.0000000 508970.2897389 4622171.3262955 0.0000000
315532440.0000000 491557.0947737 4605517.2719033 0.0000000
315532470.0000000 490214.6006894 4585798.3802836 0.0000000
315532500.0000000 490216.9714768 4587551.2935088 0.0000000
315532590.0000000 502749.3692447 4584039.3780988 0.0000000
315532770.0000000 501432.6148521 4569139.4706612 0.0000000
315532800.0000000 487575.8454425 4585802.4297235 0.0000000
315532980.0000000 474994.9321484 4572249.8682992 0.0000000
315533040.0000000 500109.8225359 4594118.1454202 0.0000000
315533070.0000000 495158.7654197 4580534.6703435 0.0000000
315533130.0000000 493847.0013469 4590614.9065077 0.0000000
315534090.0000000 506375.4553420 4587547.4868644 0.0000000
315534120.0000000 495151.1631613 4569140.9455955 0.0000000
315534210.0000000 468738.7635394 4577532.8406155 0.0000000
315534240.0000000 488882.4592640 4577474.0102002 0.0000000
315534270.0000000 496476.7562923 4575713.4623392 0.0000000
315534300.0000000 513934.6451465 4600705.1604246 0.0000000
315534360.0000000 505402.4472835 4565635.6129676 0.0000000
315534390.0000000 502755.0195568 4569139.8512882 0.0000000
315534420.0000000 513970.1978159 4582299.4222290 0.0000000
315534450.0000000 501430.6281290 4579218.5233339 0.0000000
315534480.0000000 497797.9737443 4575712.9413359 0.0000000
315534540.0000000 495159.9363838 4582287.5687403 0.0000000
315534630.0000000 490232.3997912 4598945.3498846 0.0000000
315534660.0000000 490221.1221525 4590618.9040971 0.0000000
315534690.0000000 488897.2450521 4587114.9701155 0.0000000
315534720.0000000 488895.2272974 4585800.2847164 0.0000000
315534750.0000000 488892.5377011 4584047.3761825 0.0000000
315534780.0000000 495173.4290039 4602446.2522512 0.0000000
315534810.0000000 513611.2710603 4597636.8711877 0.0000000
315534840.0000000 501430.3687249 4580533.1947187 0.0000000
315534870.0000000 496477.6071646 4577466.3474120 0.0000000
315535080.0000000 495161.1077181 4584040.4730732 0.0000000
315535110.0000000 489227.0242990 4587114.4714349 0.0000000
315535140.0000000 488892.5377011 4584047.3761825 0.0000000
315535380.0000000 504070.0551795 4582287.0952047 0.0000000
315535860.0000000 473673.0743978 4572254.5366661 0.0000000
315535890.0000000 474069.4883003 4590658.8174950 0.0000000
315535920.0000000 495153.2083861 4572208.4669086 0.0000000
315535950.0000000 491524.2483031 4577470.4430844 0.0000000
315535950.0000000 491493.0956410 4550739.4593485 -1.0000000
315535980.0000000 495154.3775944 4573961.3423873 0.0000000
315536010.0000000 495153.2083861 4572208.4669086 0.0000000
315536400.0000000 476361.1144614 4585830.3750113 0.0000000
315536430.0000000 468738.7635394 4577532.8406155 0.0000000
315536460.0000000 506388.9576338 4572209.6590331 0.0000000
315536520.0000000 480309.7233320 4582312.7113891 0.0000000
315536550.0000000 478994.7861445 4584069.3259106 0.0000000
315536790.0000000 477669.6793612 4582320.3682290 0.0000000
