# time x y
1577380650.0000000 493857.0883492 4602447.2552425
1577380950.0000000 459116.7480384 4627541.7784720
1577381100.0000000 459096.6829396 4624035.7220925
1577381250.0000000 479116.0179683 4625702.2521753
1577381400.0000000 450669.1868712 4638990.5173636
1577381550.0000000 529752.1819190 4430736.2454068
1577381700.0000000 466626.6813119 4620490.4995146
1577382450.0000000 495172.2537968 4600693.2983351
1577382600.0000000 487641.5287906 4623929.3962692
1577383050.0000000 547499.1429114 4447476.0385564
1577383200.0000000 475362.7814983 4678161.6158570
1577383200.0000000 544820.8873746 4445707.0861189
1577383350.0000000 546154.8268178 4447467.7130599
1577383950.0000000 501414.3708847 4661025.4422574
1577384100.0000000 462918.4202173 4664628.9514398
1577384550.0000000 549895.0142185 4440919.1681533
1577385000.0000000 473095.3163185 4681238.0270148
1577385000.0000000 479208.4982172 4657257.4401265
1577385150.0000000 496498.7517638 4620851.8011358
1577385300.0000000 470266.7506923 4627486.6520682
1577385600.0000000 484051.0227980 4632263.4308512
1577385600.0000000 556162.2333956 4457613.2237457
1577385750.0000000 556484.7295547 4459368.3132197
1577386050.0000000 465362.5208747 4630576.6378804
1577386200.0000000 460491.7182242 4638929.2014511
1577386350.0000000 464042.4948636 4628830.0872284
1577387250.0000000 493903.1842175 4656206.8703414
1577387250.0000000 490332.2458735 4672135.1165967
1577387250.0000000 537202.8459285 4422444.5671667
1577387400.0000000 451713.0320156 4648041.3521645
1577387400.0000000 541230.1159482 4425970.3484976
1577387550.0000000 553931.4902862 4440946.8239895
1577387700.0000000 445252.7236232 4615801.0094168
1577387850.0000000 454346.9061013 4650799.7644990
1577388300.0000000 456850.1512347 4685848.3062237
1577388450.0000000 453087.8303054 4658112.9241965
1577388450.0000000 465411.5012503 4640656.6923582
1577388750.0000000 457991.9477477 4659104.7861151
1577389050.0000000 465723.7326375 4704500.7368666
1577389500.0000000 486657.2258572 4623931.1654561
1577389650.0000000 487627.1459819 4615602.6223604
1577389800.0000000 491600.4560348 4642330.6113413
1577389950.0000000 485372.7010347 4637519.7601900
1577390100.0000000 453415.7864028 4707348.2316498
1577390250.0000000 482822.7903132 4666305.5894622
1577390250.0000000 453071.3612027 4655629.3443132
1577390400.0000000 500109.2403999 4632245.5956487
1577390700.0000000 435378.9136665 4649924.5607776
1577390850.0000000 438051.8062891 4656475.3791482
1577391000.0000000 414413.5767295 4646639.8720056
1577391000.0000000 455885.4340040 4687607.5749340
1577391150.0000000 459436.1050333 4683056.8932812
1577391150.0000000 454402.9014404 4709533.3635289
1577391300.0000000 485407.5725215 4654466.1769600
1577391450.0000000 457903.5315909 4644203.4415252
1577391600.0000000 459202.1638966 4642442.7314666
1577391750.0000000 477867.5765836 4646158.4682273
1577391900.0000000 457872.3813004 4638944.2265103
1577392050.0000000 444003.9512091 4624138.0026601
1577392200.0000000 481398.4916113 4620436.8655448
1577392350.0000000 482732.7301418 4629198.6704065
1577392500.0000000 466729.0539418 4642403.5145521
1577392650.0000000 452984.2916861 4642481.1401407
1577392800.0000000 469048.5149842 4648967.2092511
1577393100.0000000 453041.3478229 4651100.4883082
1577393250.0000000 476519.2691625 4634037.3176924
1577393400.0000000 474243.2402604 4638866.1388852
1577393550.0000000 468023.6313381 4639183.5524062
1577393550.0000000 472870.3180360 4622217.1468051
1577394300.0000000 449337.6845105 4635931.8557734
1577394450.0000000 484073.5882163 4642343.4908524
1577394600.0000000 484088.3264516 4648917.5279423
1577394750.0000000 455747.7340629 4665692.9685025
1577394900.0000000 464163.4298963 4652788.6780635
1577394900.0000000 470294.1362788 4634060.5465346
1577395200.0000000 454282.0490860 4640719.5282920
1577395650.0000000 475254.5024694 4647189.7386564
1577395800.0000000 441942.4773080 4652935.9266683
1577395800.0000000 461801.3903329 4638922.0504838
1577396400.0000000 468947.3659160 4625739.2070344
1577396550.0000000 446857.3203152 4654650.5623852
1577396550.0000000 454121.8141550 4615738.7579460
1577396850.0000000 464035.8730062 4627515.3119635
1577397000.0000000 466596.0470856 4613916.7411499
1577397150.0000000 465249.9860682 4607349.2902877
1577397300.0000000 454046.1614507 4603906.1017183
1577397600.0000000 471637.8866414 4642382.2325747
1577397750.0000000 466712.6476198 4638897.3813019
1577397900.0000000 464060.1606864 4632336.1656030
1577398050.0000000 461775.5222031 4634101.1452472
1577398350.0000000 493894.5078006 4646126.5954788
1577398500.0000000 462730.9696413 4628836.8139641
1577398650.0000000 487702.3211931 4658990.6937774
1577398800.0000000 500109.1127412 4640572.5844974
1577398950.0000000 507653.8157201 4625675.8331052
1577399100.0000000 476601.7558181 4659018.7134254
1577399250.0000000 493923.2362535 4679435.9367466
1577399250.0000000 458892.6681937 4645512.5038883
1577399400.0000000 453039.4122963 4650808.3050048
1577399550.0000000 447446.8743316 4646026.2820239
1577399700.0000000 458084.1435723 4619220.6248020
1577400450.0000000 500109.5152326 4614277.2025480
1577400750.0000000 479210.6450635 4657987.9031298
1577400750.0000000 481390.5209854 4617369.1093293
1577400900.0000000 470190.2409495 4609080.1093869
1577401200.0000000 482789.0374473 4652426.7640625
1577401350.0000000 486742.3547782 4669365.1364830
1577401350.0000000 485388.9213485 4645408.5540627
1577401500.0000000 489014.1785486 4662786.9653732
1577401650.0000000 491598.3847885 4640577.5461501
1577401800.0000000 501410.3284175 4681186.6224771
1577402100.0000000 496500.2530451 4623919.5716472
1577402550.0000000 513915.1261202 4610784.7178918
1577402700.0000000 495202.8299795 4646125.5909039
1577403000.0000000 454393.9759448 4658104.3816255
1577403450.0000000 488988.3094547 4646132.5099071
1577403600.0000000 475309.0791934 4662821.5821689
1577404200.0000000 464051.3264029 4630583.1240116
1577404350.0000000 464077.8374888 4635842.2643220
1577406900.0000000 445443.9376871 4640781.8353377
1577407050.0000000 465379.5476200 4634082.7261789
1577407350.0000000 471564.5587252 4623975.2624156
1577407500.0000000 471564.5587252 4623975.2624156
1577409000.0000000 456471.8671543 4624051.2210918
1577409150.0000000 456613.5766419 4647279.2134735
1577410500.0000000 456635.0173098 4650785.3989199
1577410650.0000000 440588.8609141 4647395.2687217
1577411400.0000000 481433.8423421 4634022.8201367
1577411550.0000000 440409.4237601 4625920.2167500
1577411700.0000000 479116.0179683 4625702.2521753
1577411850.0000000 482769.5339441 4644391.7931993
1577411850.0000000 490325.6294615 4667313.9747251
1577412000.0000000 484100.7853776 4654468.9905662
1577412300.0000000 451781.6925677 4658121.7079320
1577412750.0000000 489029.8729440 4672867.5065155
1577413350.0000000 462724.1062454 4627522.0383832
1577413500.0000000 464068.9977190 4634089.2131132
1577413650.0000000 459192.1032803 4640689.6595151
1577413800.0000000 490307.6131014 4654165.5903922
1577414550.0000000 468846.6329953 4602512.0489241
1577414850.0000000 459144.3579266 4632362.6366481
1577415000.0000000 486335.8281718 4627437.8285739
1577415750.0000000 497823.4189008 4658980.3346953
1577415900.0000000 484017.7389789 4617362.7668633
1577416350.0000000 465273.3041064 4612169.9918658
1577416500.0000000 459011.5456842 4609135.1985460
1577417850.0000000 465339.1263735 4625755.7985800
1577418000.0000000 462705.8116876 4624015.9844930
1577419650.0000000 459116.7480384 4627541.7784720
1577419800.0000000 455457.5579706 4619236.4824182
1577419950.0000000 454144.2604273 4619244.7725900
1577420250.0000000 465339.1263735 4625755.7985800
1577421000.0000000 454282.0490860 4640719.5282920
1577422200.0000000 466714.0144256 4639189.5584299
1577423700.0000000 465339.1263735 4625755.7985800
1577423850.0000000 445406.9707878 4635960.8990263
1577424450.0000000 439301.9774436 4649889.8964935
1577424600.0000000 452949.5203871 4637221.9339313
1577424750.0000000 432943.1781737 4634314.1168524
1577425050.0000000 417009.7705087 4644855.7036816
1577425200.0000000 481390.5209854 4617369.1093293
1577425350.0000000 472876.9674199 4623970.1630769
1577425650.0000000 490248.4548416 4610777.8552603
1577425950.0000000 466838.0021912 4665632.1311966
1577426550.0000000 495202.8299795 4646125.5909039
1577426700.0000000 474225.7979904 4634045.2430543
1577426850.0000000 459134.3152393 4630609.5934140
1577427000.0000000 454324.3340616 4647293.5773582
1577427150.0000000 464051.3264029 4630583.1240116
1577427300.0000000 464060.1606864 4632336.1656030
1577427450.0000000 469044.0531442 4647944.5756753
1577427450.0000000 461775.5222031 4634101.1452472
1577427600.0000000 442122.4057512 4674850.1629916
1577427900.0000000 479067.4170477 4609048.7552872
1577428200.0000000 471559.3301696 4622660.4997948
1577428350.0000000 468968.3249391 4630560.0434766
1577428500.0000000 460578.6263616 4654560.8758028
1577428800.0000000 477783.5239457 4619132.4052686
1577429550.0000000 437130.4460175 4663058.2611966
1577429700.0000000 450592.3322520 4674785.5862981
1577429850.0000000 477803.9321428 4625706.2074034
1577430000.0000000 445521.3338706 4650862.0928821
1577430150.0000000 488933.6460500 4610779.7615363
1577430900.0000000 465275.4249174 4612608.2382569
1577431200.0000000 434707.1925278 4683243.4110470
1577431200.0000000 450122.1690348 4607438.3548664
1577431800.0000000 466706.4978674 4637582.5858809
1577432100.0000000 464051.3264029 4630583.1240116
1577432550.0000000 468975.9508429 4632313.0836355
1577432700.0000000 469004.5690786 4638887.0290656
1577433300.0000000 476464.4801958 4617383.5982013
1577434800.0000000 467665.0710878 4632318.9074710
1577437050.0000000 471678.1435944 4652462.4644418
1577437800.0000000 459192.1032803 4640689.6595151
1577438100.0000000 464018.2222757 4624009.2589216
1577438250.0000000 441888.6337160 4646361.8006102
1577438250.0000000 465290.2752644 4615675.9780686
1577439600.0000000 488982.4201058 4642334.1871582
1577439900.0000000 467673.0216982 4634071.9539154
1577440050.0000000 465379.5476200 4634082.7261789
1577440200.0000000 451493.9403554 4615756.0586872
1577442300.0000000 457843.8522940 4634123.3175434
1577442450.0000000 452929.2520545 4634154.0833651
1577442750.0000000 440588.8609141 4647395.2687217
1577442900.0000000 488972.2363316 4635760.2190325
1577443200.0000000 460234.8477736 4592474.7021738
1577443350.0000000 486645.7816884 4617795.6377534
1577443650.0000000 505002.2009387 4664533.3196185
1577443650.0000000 495191.1012744 4628741.1474368
1577443800.0000000 468975.9508429 4632313.0836355
1577443950.0000000 462671.5400947 4617442.1864996
1577444100.0000000 465362.5208747 4630576.6378804
1577444550.0000000 465290.2752644 4615675.9780686
1577444700.0000000 463916.9439548 4603849.8294935
1577445000.0000000 495206.0888605 4650946.5722856
1577445000.0000000 477803.9321428 4625706.2074034
1577445150.0000000 452600.7199578 4584194.0106641
1577445300.0000000 451393.2443442 4600855.7023215
1577445750.0000000 473922.2478336 4640620.3933821
1577445900.0000000 464777.2451849 4772887.3688427
1577446200.0000000 470286.8303340 4632307.5007946
1577446500.0000000 500429.9181433 4746057.2468277
1577446500.0000000 476503.3925431 4629216.4585710
1577446650.0000000 493896.8954221 4648902.3071863
1577446800.0000000 477924.3944207 4766256.7626927
1577447100.0000000 464172.2988825 4654541.7805860
1577447400.0000000 485636.4569836 4764482.7934823
1577447550.0000000 448088.2498516 4644268.3851856
1577447700.0000000 477850.2788967 4640607.0751424
1577447850.0000000 482116.3881796 4771066.4394694
1577448000.0000000 451755.8061729 4654323.2938480
1577448300.0000000 456201.3837722 4787842.0072539
1577448450.0000000 451419.3229611 4791381.6778367
1577448450.0000000 466596.0470856 4613916.7411499
1577448900.0000000 457784.2793867 4624043.3511018
1577449050.0000000 473442.2896917 4771094.6778922
1577449200.0000000 474363.3827667 4759693.8399351
1577449200.0000000 471623.9009963 4638876.1018974
1577449350.0000000 465388.0649545 4635835.7769891
1577449500.0000000 457823.1192074 4630617.2242198
1577449800.0000000 491724.1407603 4746062.2112062
1577449950.0000000 428355.5382656 4666648.4904444
1577449950.0000000 444265.6004845 4657446.4283920
1577450100.0000000 451394.2103447 4787874.7184960
1577450100.0000000 467873.0783602 4605584.0794515
1577450250.0000000 463483.1383256 4771140.6939107
1577450400.0000000 466759.8431692 4648977.5650521
1577450550.0000000 467386.5805391 4781203.4344368
1577450550.0000000 434068.0781556 4614142.0022527
1577450700.0000000 451618.6988151 4634162.8599625
1577450850.0000000 471664.1330610 4648956.2783203
1577451000.0000000 470356.3282843 4648961.6232032
1577451150.0000000 468983.5791199 4634066.1297203
1577451450.0000000 473102.0434309 4766274.0366393
1577451450.0000000 457745.4848882 4617469.5465473
1577451600.0000000 459059.0945532 4617461.9193670
1577452200.0000000 458735.9412379 4783003.9206647
1577452350.0000000 502680.4489040 4762714.8340882
1577452500.0000000 508815.4946800 4744309.5279193
1577452650.0000000 489147.4230687 4747819.1546724
1577452650.0000000 465290.2752644 4615675.9780686
1577452800.0000000 476954.0171404 4764506.5374885
1577452950.0000000 482111.7947695 4769313.0188972
1577453400.0000000 476948.1100421 4762753.1333892
1577453550.0000000 493340.9981563 4750882.2019185
1577453700.0000000 479208.4982172 4657257.4401265
1577453850.0000000 461428.9199173 4630596.8193070
1577454000.0000000 464018.2222757 4624009.2589216
1577454150.0000000 459011.5456842 4609135.1985460
1577454450.0000000 471534.8449103 4775924.3873116
1577454900.0000000 440340.0296261 4617593.3478604
1577455650.0000000 471268.2220037 4631865.2112045
1577455950.0000000 451538.4501432 4622329.8558881
1577456100.0000000 462584.8981282 4600788.8654368
1577456400.0000000 446904.4944119 4660932.5767678
1577456550.0000000 456664.5198445 4655606.4345589
1577456700.0000000 451449.4826406 4609182.3298594
1577457150.0000000 476470.2398252 4619136.6004001
1577457300.0000000 470244.8652043 4622227.5857058
1577457450.0000000 448286.2167714 4671295.6462793
1577457450.0000000 466712.6476198 4638897.3813019
1577457600.0000000 475190.4271483 4628782.6390485
1577457750.0000000 473854.8636374 4622213.4806454
1577457900.0000000 440609.6560908 4649878.8241500
1577457900.0000000 465339.1263735 4625755.7985800
1577458350.0000000 459154.4037391 4634115.6857929
1577458500.0000000 451550.3282038 4624082.8793191
1577458650.0000000 460271.6146064 4658068.9251957
1577458650.0000000 446455.7330204 4600890.7184670
1577458950.0000000 473898.1568269 4634046.4355088
1577459100.0000000 475219.3877719 4637109.5946081
1577459400.0000000 464421.8210023 4766313.7026558
1577459550.0000000 493875.4489324 4623921.3383190
1577460000.0000000 460464.9631385 4634108.2950116
1577460150.0000000 496500.2530451 4623919.5716472
1577460300.0000000 473011.5045824 4659323.6958878
1577460900.0000000 454186.3849184 4625818.6015426
1577461050.0000000 457755.8256534 4619222.5542787
1577461200.0000000 473134.8382629 4774602.7944753
1577461650.0000000 457763.5833483 4620537.3140571
1577461950.0000000 470252.1580948 4623980.6026407
1577462100.0000000 462519.3491909 4771145.9182793
1577462550.0000000 467635.2783021 4625745.0295054
1577462850.0000000 446456.1732261 4771253.0280841
1577463150.0000000 459182.0457855 4638936.5934759
1577463300.0000000 464051.3264029 4630583.1240116
1577463450.0000000 464682.3321383 4754476.6111399
1577463450.0000000 445266.1145086 4617554.0189248
1577463600.0000000 459134.3152393 4630609.5934140
1577463750.0000000 446521.5573520 4779581.8767153
1577463900.0000000 460372.7121749 4617454.5330115
1577464350.0000000 443900.4746661 4773027.1084626
1577465400.0000000 459086.6550764 4622282.7016565
1577465550.0000000 474202.0370554 4627471.3521560
1577465850.0000000 452862.7336045 4624074.1058737
1577466300.0000000 470244.8652043 4622227.5857058
1577466450.0000000 469012.2062267 4640640.0921012
1577466900.0000000 493869.8208856 4617347.5630204
1577467050.0000000 476497.6225919 4627463.4286419
1577467200.0000000 467589.6635103 4615665.2129529
1577468100.0000000 461447.8803927 4634102.9101042
1577468250.0000000 465371.0329229 4632329.6790692
1577468400.0000000 452917.6750863 4632401.0318496
1577468550.0000000 491547.3262309 4597190.7406573
1577468700.0000000 475401.4326210 4594598.3040712
1577468850.0000000 465322.1247552 4622249.7559742
1577469000.0000000 468867.5055393 4607332.7100058
1577469300.0000000 465307.2570255 4619181.9846114
1577469450.0000000 468903.6004387 4615659.3926225
1577469750.0000000 466681.9131670 4632323.4334912
1577469900.0000000 452819.4160950 4617500.2939465
1577470050.0000000 465411.5012503 4640656.6923582
1577470200.0000000 462932.1254157 4604293.0881905
1577470650.0000000 463052.0500422 4627520.3341778
1577470800.0000000 459126.7852661 4629294.8133059
1577471100.0000000 504036.1430345 4642326.7944539
1577471550.0000000 467627.3394215 4623992.0059236
1577471700.0000000 472915.2415529 4634050.1032191
1577471850.0000000 473770.1452857 4598986.4671838
1577472000.0000000 467867.2054426 4604269.3528793
1577472150.0000000 456533.2921917 4634131.1903611
1577473050.0000000 475087.1290678 4598981.7938227
1577473200.0000000 507641.1279571 4637508.8336473
1577473350.0000000 492911.2270287 4644082.2538602
1577473650.0000000 465388.0649545 4635835.7769891
1577473800.0000000 467702.8584460 4640645.9176293
1577473950.0000000 461513.5427426 4646228.2872439
1577474400.0000000 464018.2222757 4624009.2589216
1577474700.0000000 484119.4965863 4662796.2754041
1577474700.0000000 462774.4749486 4637163.7854276
1577475150.0000000 488982.4201058 4642334.1871582
1577475600.0000000 467957.4082680 4624428.7832229
1577475750.0000000 482744.3975591 4634019.5264931
1577476350.0000000 458230.7014862 4644201.5103427
1577476500.0000000 453175.1393693 4671261.4489066
1577476500.0000000 471604.6848860 4634055.2043904
1577476650.0000000 448347.4012471 4679623.1937884
1577476650.0000000 475196.5205708 4630535.6728722
1577476950.0000000 445513.4758109 4649839.4505251
1577476950.0000000 465290.2752644 4615675.9780686
1577477700.0000000 458014.5222729 4662903.2227560
1577478150.0000000 451724.9642289 4649794.4458022
1577478300.0000000 446953.9183875 4667506.8437005
1577479050.0000000 470266.7506923 4627486.6520682
1577479200.0000000 471571.5320378 4625728.2849389
1577479350.0000000 472845.4012872 4615643.3767560
1577479650.0000000 476556.8495815 4645432.2188505
1577480700.0000000 488953.9353791 4623927.2481467
1577480850.0000000 482699.9028971 4615612.8203212
1577481000.0000000 470182.9673779 4607327.1322622
1577482200.0000000 490252.6228004 4613845.5777995
1577482950.0000000 466651.2144857 4625749.5544652
1577483100.0000000 488979.7032748 4640581.1217514
1577484300.0000000 470244.8652043 4622227.5857058
1577484600.0000000 475173.6799961 4623961.8189545
1577484750.0000000 451713.0320156 4648041.3521645
1577484750.0000000 473774.9312917 4600301.1817186
1577484900.0000000 482764.5738276 4642346.5443591
1577485200.0000000 466416.3006896 4645472.9363159
1577486250.0000000 451413.9539839 4603923.3947706
1577487000.0000000 470294.1362788 4634060.5465346
1577487150.0000000 445513.4758109 4649839.4505251
1577487150.0000000 468947.3659160 4625739.2070344
1577487300.0000000 475260.6157504 4648942.8231333
1577487450.0000000 468939.7488934 4623986.1838207
1577487600.0000000 466868.9173678 4672206.4221390
1577488050.0000000 447906.1017716 4619287.4405777
1577488350.0000000 445537.0542267 4652907.3813613
1577488350.0000000 463976.3458356 4615682.4606987
1577488500.0000000 445550.5333206 4654660.4907875
1577488500.0000000 467589.6635103 4615665.2129529
1577488650.0000000 484086.0327162 4647894.8960787
1577488650.0000000 491578.7399669 4623923.6746481
1577488800.0000000 465411.5012503 4640656.6923582
1577489100.0000000 467992.7931275 4632317.4289095
1577489250.0000000 457567.6149859 4587230.9107939
1577489400.0000000 457804.9883215 4627549.4084435
1577489550.0000000 479091.6995032 4617375.4493102
1577489700.0000000 459086.6550764 4622282.7016565
1577490150.0000000 462584.8981282 4600788.8654368
1577490300.0000000 466528.7780484 4599454.7114349
1577490450.0000000 453076.2043123 4656359.8083128
1577490450.0000000 482679.8221678 4607286.1522070
1577490600.0000000 431703.0390110 4741574.0397244
1577490750.0000000 446969.3063498 4669552.1844841
1577490750.0000000 465298.7648232 4617428.9794912
1577491350.0000000 463270.4455825 4731251.4971868
1577491650.0000000 440061.8290232 4737989.2904603
1577491800.0000000 449759.4371536 4739665.2687847
1577491800.0000000 451845.4865238 4667471.7455137
1577492550.0000000 472833.7834450 4612575.6406583
1577492700.0000000 439423.4229959 4664060.9604513
1577492850.0000000 448827.0341014 4744494.1054311
1577493150.0000000 445705.8414502 4674821.5975602
1577493600.0000000 458954.0809744 4599055.6279488
1577493750.0000000 433326.6991202 4674928.0168056
1577493750.0000000 467971.1631649 4627496.5784814
1577494050.0000000 440046.5944152 4736235.9516507
1577494350.0000000 456203.2107230 4737867.9076678
1577494350.0000000 468529.4734089 4750658.8309778
1577494500.0000000 452295.9736641 4733071.9346545
1577494500.0000000 471597.7012701 4632302.1589803
1577494650.0000000 471564.5587252 4623975.2624156
1577495700.0000000 454748.9223164 4712891.6682343
1577496000.0000000 451630.6018218 4635915.9156962
1577496150.0000000 451606.7994941 4632409.8079051
1577497050.0000000 480179.6136180 4654186.6947123
1577497200.0000000 482805.0153922 4659000.9071553
1577497350.0000000 465258.4630366 4609102.2688780
1577497650.0000000 472871.9801889 4622655.4006989
1577498550.0000000 462530.3096374 4590271.2008189
1577498850.0000000 496506.0513623 4635752.5393019
1577499150.0000000 486719.5687968 4657239.3535204
1577499450.0000000 474130.9205136 4607750.0872760
1577499600.0000000 465281.7883604 4613922.9825636
1577500050.0000000 465411.5012503 4640656.6923582
1577500200.0000000 487715.0336063 4666295.3736755
1577500350.0000000 477855.7394951 4642360.1421143
1577500650.0000000 490289.0399258 4640579.2134303
1577500800.0000000 480025.8058603 4598966.4124181
1577500950.0000000 500109.8492056 4592365.2145527
1577501100.0000000 482608.1989448 4577486.3373326
1577501550.0000000 465411.5012503 4640656.6923582
1577501700.0000000 467021.2609365 4704494.4769796
1577501700.0000000 471465.4251576 4598995.2247290
1577501850.0000000 474268.6373763 4645878.4160150
1577502000.0000000 473939.9323707 4645441.3402596
1577503200.0000000 485287.4690063 4595886.0845646
1577503350.0000000 444257.5445076 4656423.7763556
1577503350.0000000 461864.9783036 4650755.3366371
1577503500.0000000 477985.9246039 4683996.8855053
1577503950.0000000 490221.1221525 4590618.9040971
1577504700.0000000 471505.3732847 4609074.7720969
1577504850.0000000 481581.8593760 4690561.0375968
1577505000.0000000 467012.9669250 4702741.2378229
1577505150.0000000 475402.7678871 4689557.3085490
1577505150.0000000 500109.6422964 4605950.5581490
1577505450.0000000 481472.7119873 4648923.8774634
1577505750.0000000 489000.0999932 4653729.2257342
1577505900.0000000 484036.3279070 4625689.5658844
1577506800.0000000 461419.4440988 4628843.7816697
1577506950.0000000 471597.7012701 4632302.1589803
1577507250.0000000 485403.3583657 4652420.8960999
1577507400.0000000 487682.5223813 4647595.5600719
1577507550.0000000 463040.7036156 4687858.3907121
1577508000.0000000 481433.8423421 4634022.8201367
1577508300.0000000 492528.4991274 4590616.1496453
1577509050.0000000 468875.1000149 4609085.6874994
1577509800.0000000 495173.4290039 4602446.2522512
1577509950.0000000 487615.8061853 4609028.9311615
1577510250.0000000 477913.1777413 4660767.6290585
1577510400.0000000 475150.8660752 4617388.0339485
1577511150.0000000 470210.2549932 4613900.8190769
1577511300.0000000 454391.1500477 4657666.1020503
1577511300.0000000 470336.1894331 4644140.6485987
1577511600.0000000 463875.2178385 4595523.2937083
1577511900.0000000 455332.3745019 4599077.1674109
1577512050.0000000 446641.8638422 4625870.9573569
1577512200.0000000 440166.0099017 4636002.9980741
1577513100.0000000 473837.2517342 4617392.7105565
1577513250.0000000 470286.8303340 4632307.5007946
1577513400.0000000 453009.4243770 4646279.4819333
1577513400.0000000 470266.7506923 4627486.6520682
1577513550.0000000 464027.0462707 4625762.2835940
1577513700.0000000 468882.6968616 4610838.6686940
1577513850.0000000 471712.6229095 4661081.9200583
1577513850.0000000 477669.6793612 4582320.3682290
1577514300.0000000 457766.1696431 4620975.5668058
1577515050.0000000 465258.4630366 4609102.2688780
1577515200.0000000 459059.0945532 4617461.9193670
1577524650.0000000 501428.0313263 4592365.3549169
1577525550.0000000 483995.2734217 4607283.1025591
1577525700.0000000 484006.0127838 4612103.7921459
1577526150.0000000 500109.3946824 4622165.7029099
1577526600.0000000 474219.4590325 4632292.1982595
1577527500.0000000 485352.0079909 4627439.7786913
1577527950.0000000 493894.5078006 4646126.5954788
1577527950.0000000 500109.6222462 4607265.2836432
1577528100.0000000 504048.3138697 4620852.0896919
1577528700.0000000 488962.0643960 4629186.3188860
1577528850.0000000 485297.3056220 4600706.6873745
1577529450.0000000 487633.1993060 4619108.6194356
1577529750.0000000 488964.0978362 4630501.0939218
1577529900.0000000 490239.5311784 4604204.2137537
1577530050.0000000 482494.4632283 4665429.8244205
1577530050.0000000 471491.4701226 4605568.8244781
1577530350.0000000 487569.8280800 4582296.6160678
1577530500.0000000 468867.5055393 4607332.7100058
1577530800.0000000 495204.7059665 4648901.3025171
1577531250.0000000 501413.4640366 4665554.3467854
1577531400.0000000 475150.8660752 4617388.0339485
1577531550.0000000 475075.0124418 4595475.9044946
1577531700.0000000 495173.4290039 4602446.2522512
1577532150.0000000 496495.3233382 4613839.8106304
1577532300.0000000 505031.8056280 4622605.7250831
1577532600.0000000 485390.4243704 4646139.0019861
1577532750.0000000 493869.8208856 4617347.5630204
1577532900.0000000 497810.6491893 4617345.2749244
1577533050.0000000 492891.5820763 4624360.5035998
1577533200.0000000 488920.8207118 4602453.1603471
1577533500.0000000 501421.7740064 4623918.8564446
1577533650.0000000 495182.2547957 4615593.5633759
1577533800.0000000 493861.2039951 4607267.9044341
1577534100.0000000 448816.0675494 4608762.3429227
1577534550.0000000 459134.3152393 4630609.5934140
1577534700.0000000 462724.1062454 4627522.0383832
1577534850.0000000 471590.7198267 4630549.1194994
1577535000.0000000 470279.5266621 4630554.4609822
1577535150.0000000 465298.7648232 4617428.9794912
1577535750.0000000 456522.6016884 4632378.1402590
1577536050.0000000 497805.1671402 4599377.3015618
1577536200.0000000 470266.7506923 4627486.6520682
1577536350.0000000 474225.7979904 4634045.2430543
1577538150.0000000 457637.1016997 4599063.2498349
1577538300.0000000 451313.4707759 4589023.3115809
1577538450.0000000 460263.8207112 4597733.5328599
1577538750.0000000 481429.2761689 4632269.7767266
1577539500.0000000 456624.2953168 4649032.3032422
1577539650.0000000 460501.4530004 4640682.2670424
1577539800.0000000 459144.3579266 4632362.6366481
1577540100.0000000 460382.4099557 4619207.5397765
1577540250.0000000 453965.0828437 4591197.1938088
1577540700.0000000 460409.0944482 4624028.3339658
1577540850.0000000 459011.5456842 4609135.1985460
1577541000.0000000 460372.7121749 4617454.5330115
1577541150.0000000 459029.0554809 4612202.9253208
1577541750.0000000 468954.9853041 4627492.2339522
1577541900.0000000 466659.3973007 4627502.5820339
1577542050.0000000 459297.8949416 4659097.1479016
1577542200.0000000 452854.0660562 4622759.3385471
1577542800.0000000 462609.9522166 4605609.5187788
1577542950.0000000 470252.1580948 4623980.6026407
1577543400.0000000 488941.0799578 4615600.4748919
1577543550.0000000 471545.3933181 4619154.4775356
1577543700.0000000 467910.3055120 4613910.7405719
1577543850.0000000 448747.4347990 4599120.9939126
1577544000.0000000 463967.5376481 4613929.4647725
1577546700.0000000 476491.8544349 4625710.4035362
1577549550.0000000 478990.9724722 4582754.6456829
1577549700.0000000 490241.3150738 4605518.9370662
1577549850.0000000 488928.2435829 4607273.8106224
1577550450.0000000 465106.2839960 4577549.4014846
1577551050.0000000 468888.3960589 4612153.4085802
1577551200.0000000 468903.6004387 4615659.3926225
1577551800.0000000 461546.0363884 4591152.8623672
1577553000.0000000 467552.0434172 4607338.5285240
1577553150.0000000 475064.4166335 4592408.2663025
1577554950.0000000 459001.5443840 4607382.2177781
1577555100.0000000 461221.1332453 4592031.0915702
1577556300.0000000 457549.6239869 4584163.3026370
1577560050.0000000 481412.1656566 4625695.9102727
1577560650.0000000 495179.0162683 4610772.8512606
1577561700.0000000 457637.1016997 4599063.2498349
1577562600.0000000 474100.9685248 4599423.5141281
1577562750.0000000 481359.8179104 4605536.4739424
1577562900.0000000 481390.5209854 4617369.1093293
1577563050.0000000 475167.5936778 4622208.8032129
1577563200.0000000 463910.3514850 4602535.1055871
1577563950.0000000 482615.5542381 4580553.9011470
1577564100.0000000 475115.9365383 4607308.3601420
1577564250.0000000 499123.0303607 4607265.3363097
1577564400.0000000 476442.8975831 4610809.8809520
1577564550.0000000 476442.8975831 4610809.8809520
1577565150.0000000 477737.3536913 4604232.0386928
1577565600.0000000 495169.9044875 4597187.4038810
1577565900.0000000 471564.5587252 4623975.2624156
1577566500.0000000 495175.4865032 4605513.9340594
1577566800.0000000 485354.7049893 4628754.5504074
1577566950.0000000 512617.9834656 4600702.7333417
1577567100.0000000 488915.4262759 4598947.2553022
1577567250.0000000 495182.2547957 4615593.5633759
1577567400.0000000 495172.2537968 4600693.2983351
1577567550.0000000 492547.5635782 4609022.1216615
1577568150.0000000 488956.6442096 4625680.2676342
1577568600.0000000 513957.5139132 4588872.8392609
1577569650.0000000 457773.9297559 4622290.3301813
1577569800.0000000 459079.1362237 4620967.9386459
1577570250.0000000 454121.8141550 4615738.7579460
1577570550.0000000 464044.7024869 4629268.3451407
1577571150.0000000 455539.4416845 4632384.2026550
1577571600.0000000 463993.9704646 4619188.4680781
1577571750.0000000 454166.7207005 4622750.8063902
1577571900.0000000 483984.5433007 4602462.4505788
1577572050.0000000 481368.9083647 4609042.4172713
1577572200.0000000 487564.5660010 4579229.0450840
1577572350.0000000 434084.1961184 4615895.0119865
1577572500.0000000 462594.0062062 4602541.8257848
1577572650.0000000 470286.8303340 4632307.5007946
1577572800.0000000 465379.5476200 4634082.7261789
1577572950.0000000 474195.7054840 4625718.3265519
1577573250.0000000 491553.4941442 4602449.5897044
1577573400.0000000 491545.2715503 4595437.8010012
1577573550.0000000 493861.2039951 4607267.9044341
1577574000.0000000 468975.9508429 4632313.0836355
1577574150.0000000 466667.5826608 4629255.6144142
1577574300.0000000 452600.7199578 4584194.0106641
1577574750.0000000 456594.8269260 4644211.3170916
1577574900.0000000 471564.5587252 4623975.2624156
1577575050.0000000 445486.5446470 4646333.2616047
1577575200.0000000 476507.7211863 4630531.2350161
1577575500.0000000 474189.3758784 4623965.3046581
1577575650.0000000 468895.9970617 4613906.3981952
1577576250.0000000 496492.1130762 4607266.1388502
1577576400.0000000 466729.0539418 4642403.5145521
1577576700.0000000 484086.0327162 4647894.8960787
1577577750.0000000 479130.1135215 4630523.0822508
1577578350.0000000 473800.4756561 4607313.0349914
1577578500.0000000 459134.3152393 4630609.5934140
1577579850.0000000 492526.6867425 4588863.2281664
1577580000.0000000 475068.9569784 4593722.9659445
1577580150.0000000 482679.8221678 4607286.1522070
1577580300.0000000 497809.5781410 4613839.2888503
1577580450.0000000 500109.3142216 4627424.7575339
1577581050.0000000 497813.1956073 4625672.0686434
1577582550.0000000 483991.3704909 4605530.1342831
1577582700.0000000 481390.5209854 4617369.1093293
1577582850.0000000 508963.6920014 4627430.3819863
1577583300.0000000 481304.2631666 4584062.9940504
1577584650.0000000 468875.1000149 4609085.6874994
1577584800.0000000 481364.3624249 4607289.4426397
1577584950.0000000 475105.3182708 4604240.6650509
1577585850.0000000 476388.3348556 4594156.7682941
1577586750.0000000 488910.7089208 4595879.6043659
1577586900.0000000 482735.9111771 4630513.4460199
1577587050.0000000 477783.5239457 4619132.4052686
1577587200.0000000 475167.5936778 4622208.8032129
1577587350.0000000 482688.2735787 4610792.1047500
1577587500.0000000 480048.9025123 4607292.9738392
1577588250.0000000 470582.0639787 4702725.2694119
1577590050.0000000 490246.0741749 4609024.8780694
1577590200.0000000 520193.6926793 4598967.0241684
1577590350.0000000 505043.8114683 4605514.0845267
1577590500.0000000 487601.4615260 4600702.3522273
1577590650.0000000 479337.3630952 4700940.5864114
1577590650.0000000 504061.6729080 4597186.9300660
1577590800.0000000 507687.5194969 4594122.2388098
1577590950.0000000 518833.0222099 4615616.6837740
1577591250.0000000 491580.8051139 4625676.6939097
1577591400.0000000 492558.0302198 4619101.8073856
1577591550.0000000 470534.0408628 4691329.3349381
1577591550.0000000 470608.5788535 4709007.7310044
1577591700.0000000 479367.2404673 4711021.7382827
1577591700.0000000 486332.4746126 4625684.8050789
1577591850.0000000 496551.4898931 4727648.1505860
1577591850.0000000 482643.9627026 4592386.0711264
1577592000.0000000 486715.1818930 4654901.8800490
1577592000.0000000 476519.2691625 4634037.3176924
1577593200.0000000 473262.2095602 4724630.6288297
1577593500.0000000 469241.7757624 4693088.1357267
1577593500.0000000 504064.3872724 4592366.3575131
1577593650.0000000 469194.2825361 4682276.7653376
1577593800.0000000 473003.6985620 4657278.3959625
1577593950.0000000 487615.8061853 4609028.9311615
1577594100.0000000 475122.0067337 4609061.3360250
1577594250.0000000 475122.0067337 4609061.3360250
1577594400.0000000 490268.7205490 4625678.3603148
1577594700.0000000 476398.3736746 4597224.4143840
1577594850.0000000 489076.4355821 4702671.7793922
1577595150.0000000 477882.6120079 4650979.4549495
1577595300.0000000 477907.6994162 4659014.5124943
1577595450.0000000 471674.0562939 4651439.8245067
1577595450.0000000 481378.0045046 4612548.3787875
1577595600.0000000 483991.3704909 4605530.1342831
1577596200.0000000 488998.0581935 4652414.4026497
1577596350.0000000 502745.5383763 4594118.6668054
1577596500.0000000 479081.4709192 4613869.4593233
1577597700.0000000 506371.2040657 4592368.0243329
1577597850.0000000 502750.7000951 4580533.5755239
1577598150.0000000 477809.3783521 4627459.2322450
1577598300.0000000 476464.4801958 4617383.5982013
1577598600.0000000 490259.7731730 4619104.5648258
1577598900.0000000 500109.6222462 4607265.2836432
1577599050.0000000 496484.8504284 4592366.0692683
1577599200.0000000 505036.7355233 4615593.7139000
1577599350.0000000 463934.5314361 4607355.7708994
1577599500.0000000 472466.5673872 4602497.2922378
1577599650.0000000 440365.5839397 4620661.1292874
1577599950.0000000 460290.4032153 4602554.1653905
1577600100.0000000 457637.1016997 4599063.2498349
1577600250.0000000 476535.1593337 4638858.2121896
1577600550.0000000 476448.6504733 4612562.8650717
1577600850.0000000 470239.3970235 4620912.8253321
1577601000.0000000 458991.5462194 4605629.2429162
1577601150.0000000 459096.6829396 4624035.7220925
1577601300.0000000 500109.4415831 4619097.9409535
1577601750.0000000 497810.1135814 4615592.2789158
1577602050.0000000 455066.1217145 4609158.7954957
1577602200.0000000 474135.6538507 4609064.8198127
1577602350.0000000 473830.8511469 4615639.7114796
1577602650.0000000 470190.2409495 4609080.1093869
1577602950.0000000 468890.2960834 4612591.6547001
1577603100.0000000 466573.6047757 4609096.0285894
1577603250.0000000 434100.3191225 4617648.0275715
1577603550.0000000 459229.8466354 4647263.7018755
1577604000.0000000 497814.6715709 4630492.8935182
1577604150.0000000 492563.0426458 4623922.5830238
1577604450.0000000 477829.8167262 4634033.1203168
1577604600.0000000 488989.8957239 4647155.1397390
1577604750.0000000 470306.9271338 4637128.3870617
1577605050.0000000 501425.4283928 4605512.4569870
1577605200.0000000 457755.8256534 4619222.5542787
1577605500.0000000 450076.5747474 4600864.7089548
1577607300.0000000 524198.5084513 5182841.8256337
1577608650.0000000 471793.4731961 4681243.1360835
1577608800.0000000 470519.2836355 4687822.9343386
1577608950.0000000 464298.9788475 4679524.0204000
1577609100.0000000 481564.5727243 4683986.5685103
1577609250.0000000 476719.1109533 4694374.1772491
1577609250.0000000 480236.1403898 4674347.6747129
1577609700.0000000 500109.5955054 4609018.2566766
1577610150.0000000 447066.1568147 4682408.7627469
1577610450.0000000 481390.5209854 4617369.1093293
1577610600.0000000 511609.2338264 4613848.3497529
1577610750.0000000 529913.0474069 5184622.2111174
1577610750.0000000 482740.1537080 4632266.4832865
1577610900.0000000 534432.6297571 5184207.8125519
1577610900.0000000 487641.5287906 4623929.3962692
1577611050.0000000 476425.6496994 4605550.9564031
1577611350.0000000 535616.4061844 5187723.9908688
1577611350.0000000 490011.7649347 4675934.0734360
1577611500.0000000 493852.6025978 4597188.4066689
1577611650.0000000 531179.0162134 5172785.1261386
1577611800.0000000 524212.6621596 5179332.7084231
1577611800.0000000 483935.8866241 4580550.8546902
1577611950.0000000 495177.8393121 4609019.8743992
1577611950.0000000 496476.7562923 4575713.4623392
1577612100.0000000 483991.3704909 4605530.1342831
1577612250.0000000 487604.4796799 4602455.3067528
1577612550.0000000 479224.8211522 4662808.9777680
1577612700.0000000 481342.7886505 4598962.8823428
1577612850.0000000 496815.7516905 4595433.5494748
1577613000.0000000 490227.6492615 4595439.4655180
1577613150.0000000 482639.7502288 4590633.1425365
1577613300.0000000 516583.0734965 4594137.1961189
1577613450.0000000 488915.4262759 4598947.2553022
1577613600.0000000 488912.7303278 4597194.3105757
1577613900.0000000 487679.9869431 4646134.6597018
1577613900.0000000 482704.1342186 4617365.8176586
1577614200.0000000 485338.5324406 4620865.9630869
1577614500.0000000 500109.3946824 4622165.7029099
1577614800.0000000 479038.0707315 4598969.2179219
1577614950.0000000 475109.8682461 4605555.3901876
1577615250.0000000 505377.6668361 4598940.7367475
1577615550.0000000 504997.5392452 4671107.5830069
1577615700.0000000 495219.5485850 4670815.2411203
1577615850.0000000 487702.3211931 4658990.6937774
1577616000.0000000 490252.6228004 4613845.5777995
1577616150.0000000 495180.1935925 4612525.8329536
1577616300.0000000 483995.2734217 4607283.1025591
1577616450.0000000 492889.4035400 4622169.2360323
1577616600.0000000 491584.4206662 4628744.4881377
1577616750.0000000 463943.3293119 4609108.7499182
1577616900.0000000 472777.4443109 4597675.4192499
1577617200.0000000 491604.0822575 4645398.4859532
1577617350.0000000 483972.8482576 4597203.5989233
1577617650.0000000 501419.7677222 4633998.7781471
1577618250.0000000 521579.8549504 4575744.6825004
1577618550.0000000 508978.5282445 4615597.5672869
1577618700.0000000 505376.3584910 4600693.6869705
1577618850.0000000 454057.3591791 4605659.0737757
1577619150.0000000 480216.4562425 4667335.0880578
1577619300.0000000 501422.7322653 4619098.0814603
1577619450.0000000 505371.4485455 4607267.2899917
1577620050.0000000 502749.3692447 4584039.3780988
1577620200.0000000 488993.7492810 4649638.6750720
1577620350.0000000 515304.0765761 4575728.7392442
1577620500.0000000 495193.4638236 4632247.2147428
1577620950.0000000 510296.8655580 4612531.6023481
1577621400.0000000 502741.7005794 4604198.1151586
1577621550.0000000 508925.2669503 4657962.9822812
1577621550.0000000 486635.1661396 4612098.4141320
1577621700.0000000 496494.4669006 4612086.8253633
1577621850.0000000 500109.8225359 4594118.1454202
1577622000.0000000 495165.5035079 4590613.9039780
1577622150.0000000 493842.8979604 4585794.3834599
1577622300.0000000 495166.6765957 4592366.8312388
1577622450.0000000 499121.8015921 4597185.8395364
1577622600.0000000 488915.4262759 4598947.2553022
1577623500.0000000 493900.1645867 4652700.6695872
1577623500.0000000 486601.7569527 4594130.5810030
1577623650.0000000 493517.7669155 4591053.4261219
1577623800.0000000 491870.7318008 4591931.5565839
1577624100.0000000 490241.3150738 4605518.9370662
1577624250.0000000 487609.7637273 4605522.9896209
1577624400.0000000 501429.3304947 4585791.9051851
1577624550.0000000 496483.9972726 4590613.1420601
1577624700.0000000 511660.1632149 4582295.3357645
1577624850.0000000 522827.6505551 4598974.8865967
1577625000.0000000 475150.8660752 4617388.0339485
1577625150.0000000 477761.7814915 4612120.4253788
1577625450.0000000 499124.2077757 4616906.7444790
1577625600.0000000 505377.6668361 4598940.7367475
1577626350.0000000 491543.7309624 4594123.0985946
1577626500.0000000 496488.0521503 4598939.5859725
1577626800.0000000 491539.6245045 4590617.2398952
1577626950.0000000 488892.5377011 4584047.3761825
1577627250.0000000 488979.7032748 4640581.1217514
1577627400.0000000 497810.1135814 4615592.2789158
1577628150.0000000 488969.5226583 4634007.1728653
1577628300.0000000 496498.7517638 4620851.8011358
1577628600.0000000 491537.5722447 4588864.3183407
1577628750.0000000 491539.6245045 4590617.2398952
1577628900.0000000 493845.5087956 4588861.9851150
1577629050.0000000 488905.3208334 4592373.7366326
1577629350.0000000 509017.9387584 4584044.4721142
1577629650.0000000 502746.8716388 4590612.8087169
1577629950.0000000 501423.7767020 4613839.0956921
1577630100.0000000 500109.7491511 4598938.7310378
1577630400.0000000 498791.3738135 4590612.3876565
1577630550.0000000 496483.1443856 4588860.2207899
1577630850.0000000 501425.0808724 4607265.4240881
1577631300.0000000 492571.7105837 4632249.4639103
1577631600.0000000 501425.0808724 4607265.4240881
1577631750.0000000 512956.6001381 4595444.4816263
1577632050.0000000 501425.0808724 4607265.4240881
1577632200.0000000 510297.4944300 4612093.3572101
1577632350.0000000 500109.4951526 4615591.9452564
1577632350.0000000 483939.7721151 4582303.7542337
1577632800.0000000 500109.8225359 4594118.1454202
1577632950.0000000 495161.1077181 4584040.4730732
1577633250.0000000 495159.9363838 4582287.5687403
1577633400.0000000 493839.9159109 4582288.5709369
1577633700.0000000 493848.4943688 4592367.8338378
1577633850.0000000 492532.1256090 4594122.0081944
1577634000.0000000 497806.1018550 4602444.9684268
1577634150.0000000 507675.3705766 4605516.4117404
1577634600.0000000 488881.7877921 4577035.7880649
1577634750.0000000 488905.3208334 4592373.7366326
1577635200.0000000 490268.7205490 4625678.3603148
1577635350.0000000 471505.3732847 4609074.7720969
1577636250.0000000 488946.4904470 4619106.4716900
1577636400.0000000 512629.4932894 4594129.1948171
1577636550.0000000 517578.9353647 4591071.9055879
1577637600.0000000 471498.4206137 4607321.7953253
1577637750.0000000 490223.4949943 4592371.8317033
1577638800.0000000 465330.6242384 4624002.7743174
1577639550.0000000 504060.6852852 4598939.8742912
1577639850.0000000 479013.8680202 4590642.7643696
1577640150.0000000 488951.2273935 4622174.2346013
1577640300.0000000 488908.0144538 4594126.6680861
1577640450.0000000 488908.0144538 4594126.6680861
1577640600.0000000 491539.6245045 4590617.2398952
1577641050.0000000 466222.1737027 4604276.8885068
1577641200.0000000 468859.9134447 4605579.7384333
1577641350.0000000 483991.3704909 4605530.1342831
1577641800.0000000 520286.7463956 4565661.8651016
1577642700.0000000 479702.7329195 4601158.5233307
1577642850.0000000 500109.8225359 4594118.1454202
1577643150.0000000 491214.2632884 4594123.4921448
1577644350.0000000 513973.5776572 4580546.5229924
1577644500.0000000 482639.7502288 4590633.1425365
1577644650.0000000 487581.1137460 4588870.0323617
1577644800.0000000 487575.8454425 4585802.4297235
1577644950.0000000 487569.8280800 4582296.6160678
1577645100.0000000 495166.6765957 4592366.8312388
1577645400.0000000 490216.9714768 4587551.2935088
1577645550.0000000 491529.8820218 4582290.9035491
1577645700.0000000 501428.3779213 4590612.4277580
1577645850.0000000 487575.8454425 4585802.4297235
1577646000.0000000 491541.6774113 4592370.1673866
1577646150.0000000 496484.8504284 4592366.0692683
1577646300.0000000 500109.8492056 4592365.2145527
1577646450.0000000 496479.9484497 4582286.8070757
1577646600.0000000 495167.8500517 4594119.7622175
1577646750.0000000 495166.6765957 4592366.8312388
1577647050.0000000 525190.3622880 4582329.7488577
1577647200.0000000 501431.6651309 4573959.8671585
1577647350.0000000 495158.7654197 4580534.6703435
1577647500.0000000 493847.0013469 4590614.9065077
1577647800.0000000 488899.9361315 4588867.8870925
1577647950.0000000 488879.7736963 4575721.1245779
1577648100.0000000 502745.0381866 4595433.3689843
1577648250.0000000 500109.9025198 4588859.3661926
1577648400.0000000 490216.3787110 4587113.0655828
1577648550.0000000 507379.9020853 4572648.8169380
1577648700.0000000 504064.3872724 4592366.3575131
1577648850.0000000 484032.4121609 4623936.5458090
1577649000.0000000 480024.5911990 4598528.1751817
1577649300.0000000 495171.0789575 4598940.3481383
1577649450.0000000 491553.4941442 4602449.5897044
1577649600.0000000 487615.8061853 4609028.9311615
1577649750.0000000 487601.4615260 4600702.3522273
1577649900.0000000 495176.6627232 4607266.9012588
1577650050.0000000 495176.6627232 4607266.9012588
1577650200.0000000 491568.9393041 4615596.9024814
1577650500.0000000 483995.2734217 4607283.1025591
1577650650.0000000 485310.7328611 4607280.2936567
1577650950.0000000 483958.2449357 4590630.0948513
1577651100.0000000 486583.0622396 4584051.2875360
1577651250.0000000 515297.6078314 4578796.2940347
1577651400.0000000 506387.4164031 4573962.5345980
1577651550.0000000 495152.3317221 4570893.8126327
1577651700.0000000 497797.4421172 4573960.0600153
1577652000.0000000 492843.4185406 4575716.1349779
1577652150.0000000 497797.4421172 4573960.0600153
1577652300.0000000 529250.7110745 4557366.1897960
1577652600.0000000 529183.9027387 4574018.3558691
1577653200.0000000 483873.8856907 4552505.1106909
1577653950.0000000 507653.8157201 4625675.8331052
1577654100.0000000 502730.3136163 4633999.1597233
1577654550.0000000 513995.5206240 4569152.7926979
1577654700.0000000 496476.7562923 4575713.4623392
1577655150.0000000 486613.1529010 4600265.8816968
1577655300.0000000 490257.3889722 4617351.5646892
1577655450.0000000 486641.6975087 4615604.3910086
1577655600.0000000 485310.7328611 4607280.2936567
1577655750.0000000 483969.9262155 4595888.8922384
1577656050.0000000 482607.1485200 4577048.1149768
1577656200.0000000 491557.6093107 4605955.5135833
1577656350.0000000 490237.1533046 4602451.2546724
1577656500.0000000 488915.4262759 4598947.2553022
1577656950.0000000 491543.7309624 4594123.0985946
1577657250.0000000 483995.2734217 4607283.1025591
1577657400.0000000 471354.6444266 4570948.6275926
1577657700.0000000 476355.3890389 4584077.4643642
1577657850.0000000 482655.5538299 4597206.6473932
1577658000.0000000 485314.3161235 4609033.2676831
1577658150.0000000 482695.6728990 4613859.8289206
1577658300.0000000 507666.4768639 4613843.0516834
1577658450.0000000 509015.7551275 4585797.3804440
1577658750.0000000 491234.5655405 4610776.5835682
1577658900.0000000 496492.9687783 4609019.1119402
1577659800.0000000 491559.1531619 4607270.2393244
1577659950.0000000 490246.0741749 4609024.8780694
1577660250.0000000 495185.7909066 4620852.5639292
1577660400.0000000 493876.9508562 4625674.3574329
1577660550.0000000 482744.3975591 4634019.5264931
1577660700.0000000 491573.0641305 4619102.8988184
1577660850.0000000 486685.6174813 4639124.1581326
1577661000.0000000 482655.5538299 4597206.6473932
1577661300.0000000 493847.0013469 4590614.9065077
1577661750.0000000 508970.2897389 4622171.3262955
1577662200.0000000 491557.0947737 4605517.2719033
1577662350.0000000 490214.6006894 4585798.3802836
1577662500.0000000 490216.9714768 4587551.2935088
1577662950.0000000 502749.3692447 4584039.3780988
1577663850.0000000 501432.6148521 4569139.4706612
1577664000.0000000 487575.8454425 4585802.4297235
1577664900.0000000 474994.9321484 4572249.8682992
1577665200.0000000 500109.8225359 4594118.1454202
1577665350.0000000 495158.7654197 4580534.6703435
1577665650.0000000 493847.0013469 4590614.9065077
1577670450.0000000 506375.4553420 4587547.4868644
1577670600.0000000 495151.1631613 4569140.9455955
1577671050.0000000 468738.7635394 4577532.8406155
1577671200.0000000 488882.4592640 4577474.0102002
1577671350.0000000 496476.7562923 4575713.4623392
1577671500.0000000 513934.6451465 4600705.1604246
1577671800.0000000 505402.4472835 4565635.6129676
1577671950.0000000 502755.0195568 4569139.8512882
1577672100.0000000 513970.1978159 4582299.4222290
1577672250.0000000 501430.6281290 4579218.5233339
1577672400.0000000 497797.9737443 4575712.9413359
1577672700.0000000 495159.9363838 4582287.5687403
1577673150.0000000 490232.3997912 4598945.3498846
1577673300.0000000 490221.1221525 4590618.9040971
1577673450.0000000 488897.2450521 4587114.9701155
1577673600.0000000 488895.2272974 4585800.2847164
1577673750.0000000 488892.5377011 4584047.3761825
1577673900.0000000 495173.4290039 4602446.2522512
1577674050.0000000 513611.2710603 4597636.8711877
1577674200.0000000 501430.3687249 4580533.1947187
1577674350.0000000 496477.6071646 4577466.3474120
1577675400.0000000 495161.1077181 4584040.4730732
1577675550.0000000 489227.0242990 4587114.4714349
1577675700.0000000 488892.5377011 4584047.3761825
1577676900.0000000 504070.0551795 4582287.0952047
1577679300.0000000 473673.0743978 4572254.5366661
1577679450.0000000 474069.4883003 4590658.8174950
1577679600.0000000 495153.2083861 4572208.4669086
1577679750.0000000 491524.2483031 4577470.4430844
1577679750.0000000 491493.0956410 4550739.4593485
1577679900.0000000 495154.3775944 4573961.3423873
1577680050.0000000 495153.2083861 4572208.4669086
1577682000.0000000 476361.1144614 4585830.3750113
1577682150.0000000 468738.7635394 4577532.8406155
1577682300.0000000 506388.9576338 4572209.6590331
1577682600.0000000 480309.7233320 4582312.7113891
1577682750.0000000 478994.7861445 4584069.3259106
1577683950.0000000 477669.6793612 4582320.3682290
